#xcenter=3333.000000 ycenter=2227.000000 cat=/Users/jemcclea/Research/SuperBIT/shear_profiles/debug3/truth_shear_300_0.fiat
#
#
# radius reduced_shear g_no_prefactor x_value
1.0000e+01  -0.278351029692  9.9964e-01  7.2399e-03
3.0000e+01  -0.713284142559  9.9756e-01  2.1720e-02
5.0000e+01  -2.58784988472  9.9423e-01  3.6200e-02
7.0000e+01  3.54447332743  9.8997e-01  5.0679e-02
9.0000e+01  1.27799578489  9.8498e-01  6.5159e-02
1.1000e+02  0.844753862894  9.7940e-01  7.9639e-02
1.3000e+02  0.657848113646  9.7335e-01  9.4119e-02
1.5000e+02  0.552254028419  9.6690e-01  1.0860e-01
1.7000e+02  0.483627400315  9.6014e-01  1.2308e-01
1.9000e+02  0.434995223007  9.5311e-01  1.3756e-01
2.1000e+02  0.398441363993  9.4586e-01  1.5204e-01
2.3000e+02  0.369767514711  9.3843e-01  1.6652e-01
2.5000e+02  0.346535208315  9.3087e-01  1.8100e-01
2.7000e+02  0.327228547623  9.2319e-01  1.9548e-01
2.9000e+02  0.310854049771  9.1542e-01  2.0996e-01
3.1000e+02  0.296732490431  9.0759e-01  2.2444e-01
3.3000e+02  0.284383130851  8.9971e-01  2.3892e-01
3.5000e+02  0.273455734728  8.9181e-01  2.5340e-01
3.7000e+02  0.263688811112  8.8389e-01  2.6788e-01
3.9000e+02  0.254882975021  8.7596e-01  2.8236e-01
4.1000e+02  0.246883392763  8.6805e-01  2.9684e-01
4.3000e+02  0.239567885016  8.6016e-01  3.1132e-01
4.5000e+02  0.232838664274  8.5229e-01  3.2580e-01
4.7000e+02  0.226616471186  8.4447e-01  3.4028e-01
4.9000e+02  0.220836332734  8.3668e-01  3.5476e-01
5.1000e+02  0.215444440597  8.2894e-01  3.6924e-01
5.3000e+02  0.210395818154  8.2125e-01  3.8372e-01
5.5000e+02  0.205652552401  8.1362e-01  3.9820e-01
5.7000e+02  0.201182436869  8.0605e-01  4.1268e-01
5.9000e+02  0.196957917887  7.9855e-01  4.2716e-01
6.1000e+02  0.192955267641  7.9111e-01  4.4164e-01
6.3000e+02  0.189153928855  7.8374e-01  4.5612e-01
6.5000e+02  0.185535990759  7.7644e-01  4.7059e-01
6.7000e+02  0.182085766542  7.6922e-01  4.8507e-01
6.9000e+02  0.178789449968  7.6207e-01  4.9955e-01
7.1000e+02  0.175634834316  7.5499e-01  5.1403e-01
7.3000e+02  0.172611080757  7.4799e-01  5.2851e-01
7.5000e+02  0.169708526283  7.4107e-01  5.4299e-01
7.7000e+02  0.166918523469  7.3423e-01  5.5747e-01
7.9000e+02  0.164233306059  7.2746e-01  5.7195e-01
8.1000e+02  0.161645875617  7.2077e-01  5.8643e-01
8.3000e+02  0.159149905462  7.1416e-01  6.0091e-01
8.5000e+02  0.156739658886  7.0763e-01  6.1539e-01
8.7000e+02  0.154409919197  7.0117e-01  6.2987e-01
8.9000e+02  0.152155929653  6.9479e-01  6.4435e-01
9.1000e+02  0.149973341663  6.8849e-01  6.5883e-01
9.3000e+02  0.147858169953  6.8227e-01  6.7331e-01
9.5000e+02  0.145806753626  6.7612e-01  6.8779e-01
9.7000e+02  0.143815722215  6.7005e-01  7.0227e-01
9.9000e+02  0.141881965996  6.6405e-01  7.1675e-01
1.0100e+03  0.14000260995  6.5813e-01  7.3123e-01
1.0300e+03  0.138174990843  6.5228e-01  7.4571e-01
1.0500e+03  0.136396637008  6.4650e-01  7.6019e-01
1.0700e+03  0.134665250448  6.4080e-01  7.7467e-01
1.0900e+03  0.132978690965  6.3517e-01  7.8915e-01
1.1100e+03  0.131334962033  6.2960e-01  8.0363e-01
1.1300e+03  0.12973219821  6.2411e-01  8.1811e-01
1.1500e+03  0.128168653882  6.1869e-01  8.3259e-01
1.1700e+03  0.126642693181  6.1334e-01  8.4707e-01
1.1900e+03  0.125152780935  6.0805e-01  8.6155e-01
1.2100e+03  0.123697474526  6.0283e-01  8.7603e-01
1.2300e+03  0.122275416547  5.9768e-01  8.9051e-01
1.2500e+03  0.120885328175  5.9259e-01  9.0499e-01
1.2700e+03  0.119526003165  5.8756e-01  9.1947e-01
1.2900e+03  0.118196302418  5.8260e-01  9.3395e-01
1.3100e+03  0.116895149033  5.7770e-01  9.4843e-01
1.3300e+03  0.115621523817  5.7286e-01  9.6291e-01
1.3500e+03  0.114374461182  5.6809e-01  9.7739e-01
1.3700e+03  0.113153045414  5.6337e-01  9.9187e-01
1.3900e+03  0.111956407247  5.5871e-01  1.0063e+00
1.4100e+03  0.110783720738  5.5411e-01  1.0208e+00
1.4300e+03  0.109634200393  5.4956e-01  1.0353e+00
1.4500e+03  0.108507098536  5.4508e-01  1.0498e+00
1.4700e+03  0.107401702881  5.4065e-01  1.0643e+00
1.4900e+03  0.106317334303  5.3627e-01  1.0787e+00
1.5100e+03  0.105253344781  5.3195e-01  1.0932e+00
1.5300e+03  0.104209115498  5.2768e-01  1.1077e+00
1.5500e+03  0.103184055086  5.2346e-01  1.1222e+00
1.5700e+03  0.102177597999  5.1930e-01  1.1367e+00
1.5900e+03  0.101189203013  5.1518e-01  1.1511e+00
1.6100e+03  0.100218351824  5.1112e-01  1.1656e+00
1.6300e+03  0.0992645477575  5.0710e-01  1.1801e+00
1.6500e+03  0.0983273145572  5.0313e-01  1.1946e+00
1.6700e+03  0.0974061952687  4.9922e-01  1.2091e+00
1.6900e+03  0.0965007511919  4.9534e-01  1.2235e+00
1.7100e+03  0.0956105609079  4.9152e-01  1.2380e+00
1.7300e+03  0.0947352193694  4.8774e-01  1.2525e+00
1.7500e+03  0.0938743370511  4.8401e-01  1.2670e+00
1.7700e+03  0.0930275391556  4.8032e-01  1.2815e+00
1.7900e+03  0.0921944648695  4.7667e-01  1.2959e+00
1.8100e+03  0.0913747666668  4.7307e-01  1.3104e+00
1.8300e+03  0.0905681096558  4.6951e-01  1.3249e+00
1.8500e+03  0.089774170966  4.6599e-01  1.3394e+00
1.8700e+03  0.0889926391727  4.6251e-01  1.3539e+00
1.8900e+03  0.0882232137552  4.5907e-01  1.3683e+00
1.9100e+03  0.0874656045883  4.5568e-01  1.3828e+00
1.9300e+03  0.0867195314628  4.5232e-01  1.3973e+00
1.9500e+03  0.0859847236338  4.4900e-01  1.4118e+00
1.9700e+03  0.0852609193952  4.4572e-01  1.4263e+00
1.9900e+03  0.0845478656778  4.4247e-01  1.4407e+00
2.0100e+03  0.0838453176699  4.3927e-01  1.4552e+00
2.0300e+03  0.0831530384593  4.3610e-01  1.4697e+00
2.0500e+03  0.082470798694  4.3296e-01  1.4842e+00
2.0700e+03  0.0817983762621  4.2987e-01  1.4987e+00
2.0900e+03  0.0811355559879  4.2680e-01  1.5131e+00
2.1100e+03  0.0804821293444  4.2377e-01  1.5276e+00
2.1300e+03  0.079837894181  4.2078e-01  1.5421e+00
2.1500e+03  0.0792026544648  4.1782e-01  1.5566e+00
2.1700e+03  0.0785762200356  4.1489e-01  1.5711e+00
2.1900e+03  0.0779584063723  4.1199e-01  1.5855e+00
2.2100e+03  0.0773490343721  4.0913e-01  1.6000e+00
2.2300e+03  0.0767479301401  4.0629e-01  1.6145e+00
2.2500e+03  0.0761549247887  4.0349e-01  1.6290e+00
2.2700e+03  0.0755698542473  4.0072e-01  1.6435e+00
2.2900e+03  0.0749925590813  3.9798e-01  1.6579e+00
2.3100e+03  0.0744228843188  3.9527e-01  1.6724e+00
2.3300e+03  0.0738606792859  3.9258e-01  1.6869e+00
2.3500e+03  0.0733057974503  3.8993e-01  1.7014e+00
2.3700e+03  0.0727580962704  3.8731e-01  1.7159e+00
2.3900e+03  0.0722174370531  3.8471e-01  1.7303e+00
2.4100e+03  0.0716836848169  3.8214e-01  1.7448e+00
2.4300e+03  0.0711567081612  3.7960e-01  1.7593e+00
2.4500e+03  0.070636379142  3.7708e-01  1.7738e+00
2.4700e+03  0.070122573152  3.7459e-01  1.7883e+00
2.4900e+03  0.0696151688069  3.7213e-01  1.8027e+00
2.5100e+03  0.069114047836  3.6969e-01  1.8172e+00
2.5300e+03  0.0686190949778  3.6728e-01  1.8317e+00
2.5500e+03  0.0681301978794  3.6489e-01  1.8462e+00
2.5700e+03  0.0676472470009  3.6253e-01  1.8607e+00
2.5900e+03  0.0671701355231  3.6020e-01  1.8751e+00
2.6100e+03  0.0666987592594  3.5788e-01  1.8896e+00
2.6300e+03  0.066233016571  3.5559e-01  1.9041e+00
2.6500e+03  0.0657728082858  3.5333e-01  1.9186e+00
2.6700e+03  0.0653180376202  3.5108e-01  1.9331e+00
2.6900e+03  0.0648686101041  3.4886e-01  1.9475e+00
2.7100e+03  0.0644244335092  3.4666e-01  1.9620e+00
2.7300e+03  0.0639854177797  3.4449e-01  1.9765e+00
2.7500e+03  0.0635514749656  3.4233e-01  1.9910e+00
2.7700e+03  0.0631225191588  3.4020e-01  2.0055e+00
2.7900e+03  0.0626984664317  3.3809e-01  2.0199e+00
2.8100e+03  0.0622792347779  3.3600e-01  2.0344e+00
2.8300e+03  0.061864744055  3.3392e-01  2.0489e+00
2.8500e+03  0.0614549159299  3.3187e-01  2.0634e+00
2.8700e+03  0.061049673826  3.2985e-01  2.0779e+00
2.8900e+03  0.0606489428719  3.2784e-01  2.0923e+00
2.9100e+03  0.0602526498524  3.2584e-01  2.1068e+00
2.9300e+03  0.0598607231615  3.2387e-01  2.1213e+00
2.9500e+03  0.0594730927561  3.2192e-01  2.1358e+00
2.9700e+03  0.0590896901125  3.1999e-01  2.1503e+00
2.9900e+03  0.0587104481836  3.1807e-01  2.1647e+00
3.0100e+03  0.0583353013579  3.1618e-01  2.1792e+00
3.0300e+03  0.05796418542  3.1430e-01  2.1937e+00
3.0500e+03  0.0575970375124  3.1244e-01  2.2082e+00
3.0700e+03  0.057233796098  3.1060e-01  2.2227e+00
3.0900e+03  0.0568744009253  3.0877e-01  2.2371e+00
3.1100e+03  0.0565187929931  3.0696e-01  2.2516e+00
3.1300e+03  0.0561669145176  3.0517e-01  2.2661e+00
3.1500e+03  0.0558187089001  3.0340e-01  2.2806e+00
3.1700e+03  0.0554741206954  3.0164e-01  2.2951e+00
3.1900e+03  0.0551330955823  2.9990e-01  2.3095e+00
3.2100e+03  0.0547955803339  2.9817e-01  2.3240e+00
3.2300e+03  0.0544615227894  2.9646e-01  2.3385e+00
3.2500e+03  0.0541308718272  2.9477e-01  2.3530e+00
3.2700e+03  0.0538035773376  2.9309e-01  2.3675e+00
3.2900e+03  0.0534795901981  2.9142e-01  2.3819e+00
3.3100e+03  0.0531588622476  2.8978e-01  2.3964e+00
3.3300e+03  0.0528413462631  2.8814e-01  2.4109e+00
3.3500e+03  0.0525269959361  2.8653e-01  2.4254e+00
3.3700e+03  0.0522157658498  2.8492e-01  2.4399e+00
3.3900e+03  0.0519076114575  2.8333e-01  2.4543e+00
3.4100e+03  0.0516024890611  2.8176e-01  2.4688e+00
3.4300e+03  0.0513003557905  2.8020e-01  2.4833e+00
3.4500e+03  0.051001169584  2.7865e-01  2.4978e+00
3.4700e+03  0.0507048891683  2.7711e-01  2.5123e+00
3.4900e+03  0.0504114740399  2.7559e-01  2.5267e+00
3.5100e+03  0.0501208844473  2.7409e-01  2.5412e+00
3.5300e+03  0.0498330813724  2.7259e-01  2.5557e+00
3.5500e+03  0.049548026514  2.7111e-01  2.5702e+00
3.5700e+03  0.0492656822706  2.6965e-01  2.5847e+00
3.5900e+03  0.0489860117246  2.6819e-01  2.5991e+00
3.6100e+03  0.0487089786261  2.6675e-01  2.6136e+00
3.6300e+03  0.0484345473778  2.6532e-01  2.6281e+00
3.6500e+03  0.04816268302  2.6390e-01  2.6426e+00
3.6700e+03  0.0478933512162  2.6250e-01  2.6571e+00
3.6900e+03  0.047626518239  2.6110e-01  2.6715e+00
3.7100e+03  0.0473621509563  2.5972e-01  2.6860e+00
3.7300e+03  0.0471002168182  2.5835e-01  2.7005e+00
3.7500e+03  0.0468406838438  2.5699e-01  2.7150e+00
3.7700e+03  0.0465835206088  2.5565e-01  2.7295e+00
3.7900e+03  0.0463286962333  2.5431e-01  2.7439e+00
3.8100e+03  0.0460761803696  2.5299e-01  2.7584e+00
3.8300e+03  0.0458259431909  2.5168e-01  2.7729e+00
3.8500e+03  0.0455779553797  2.5037e-01  2.7874e+00
3.8700e+03  0.0453321881172  2.4908e-01  2.8018e+00
3.8900e+03  0.0450886130723  2.4780e-01  2.8163e+00
3.9100e+03  0.0448472023911  2.4653e-01  2.8308e+00
3.9300e+03  0.0446079286873  2.4527e-01  2.8453e+00
3.9500e+03  0.0443707650315  2.4402e-01  2.8598e+00
3.9700e+03  0.0441356849423  2.4278e-01  2.8742e+00
3.9900e+03  0.0439026623765  2.4155e-01  2.8887e+00
4.0100e+03  0.0436716717201  2.4034e-01  2.9032e+00
4.0300e+03  0.0434426877794  2.3913e-01  2.9177e+00
4.0500e+03  0.0432156857723  2.3793e-01  2.9322e+00
4.0700e+03  0.0429906413197  2.3674e-01  2.9466e+00
4.0900e+03  0.0427675304376  2.3556e-01  2.9611e+00
4.1100e+03  0.0425463295286  2.3439e-01  2.9756e+00
4.1300e+03  0.0423270153744  2.3323e-01  2.9901e+00
4.1500e+03  0.0421095651282  2.3207e-01  3.0046e+00
4.1700e+03  0.0418939563067  2.3093e-01  3.0190e+00
4.1900e+03  0.0416801667834  2.2980e-01  3.0335e+00
4.2100e+03  0.0414681747814  2.2867e-01  3.0480e+00
4.2300e+03  0.0412579588662  2.2756e-01  3.0625e+00
4.2500e+03  0.0410494979391  2.2645e-01  3.0770e+00
4.2700e+03  0.0408427712307  2.2535e-01  3.0914e+00
4.2900e+03  0.0406377582941  2.2426e-01  3.1059e+00
4.3100e+03  0.0404344389992  2.2318e-01  3.1204e+00
4.3300e+03  0.0402327935261  2.2210e-01  3.1349e+00
4.3500e+03  0.0400328023589  2.2104e-01  3.1494e+00
4.3700e+03  0.0398344462807  2.1998e-01  3.1638e+00
4.3900e+03  0.0396377063671  2.1893e-01  3.1783e+00
4.4100e+03  0.0394425639807  2.1789e-01  3.1928e+00
4.4300e+03  0.039249000766  2.1686e-01  3.2073e+00
4.4500e+03  0.0390569986439  2.1584e-01  3.2218e+00
4.4700e+03  0.0388665398065  2.1482e-01  3.2362e+00
4.4900e+03  0.0386776067117  2.1381e-01  3.2507e+00
4.5100e+03  0.0384901820789  2.1281e-01  3.2652e+00
4.5300e+03  0.0383042488835  2.1181e-01  3.2797e+00
4.5500e+03  0.0381197903523  2.1083e-01  3.2942e+00
4.5700e+03  0.0379367899594  2.0985e-01  3.3086e+00
4.5900e+03  0.0377552314207  2.0888e-01  3.3231e+00
4.6100e+03  0.0375750986903  2.0791e-01  3.3376e+00
4.6300e+03  0.0373963759557  2.0695e-01  3.3521e+00
4.6500e+03  0.0372190476337  2.0600e-01  3.3666e+00
4.6700e+03  0.0370430983665  2.0506e-01  3.3810e+00
4.6900e+03  0.0368685130169  2.0412e-01  3.3955e+00
4.7100e+03  0.0366952766651  2.0319e-01  3.4100e+00
4.7300e+03  0.0365233746047  2.0227e-01  3.4245e+00
4.7500e+03  0.0363527923383  2.0136e-01  3.4390e+00
4.7700e+03  0.0361835155745  2.0045e-01  3.4534e+00
4.7900e+03  0.0360155302239  1.9954e-01  3.4679e+00
4.8100e+03  0.0358488223955  1.9865e-01  3.4824e+00
4.8300e+03  0.0356833783936  1.9776e-01  3.4969e+00
4.8500e+03  0.0355191847138  1.9687e-01  3.5114e+00
4.8700e+03  0.0353562280401  1.9600e-01  3.5258e+00
4.8900e+03  0.0351944952415  1.9513e-01  3.5403e+00
4.9100e+03  0.0350339733688  1.9426e-01  3.5548e+00
4.9300e+03  0.0348746496514  1.9340e-01  3.5693e+00
4.9500e+03  0.0347165114944  1.9255e-01  3.5838e+00
4.9700e+03  0.0345595464755  1.9170e-01  3.5982e+00
4.9900e+03  0.0344037423418  1.9086e-01  3.6127e+00
5.0100e+03  0.0342490870075  1.9003e-01  3.6272e+00
5.0300e+03  0.0340955685506  1.8920e-01  3.6417e+00
5.0500e+03  0.0339431752103  1.8838e-01  3.6562e+00
5.0700e+03  0.0337918953841  1.8756e-01  3.6706e+00
5.0900e+03  0.0336417176255  1.8675e-01  3.6851e+00
5.1100e+03  0.0334926306412  1.8594e-01  3.6996e+00
5.1300e+03  0.0333446232886  1.8514e-01  3.7141e+00
5.1500e+03  0.0331976845731  1.8435e-01  3.7286e+00
5.1700e+03  0.0330518036459  1.8356e-01  3.7430e+00
5.1900e+03  0.0329069698016  1.8278e-01  3.7575e+00
5.2100e+03  0.0327631724757  1.8200e-01  3.7720e+00
5.2300e+03  0.0326204012423  1.8123e-01  3.7865e+00
5.2500e+03  0.032478645812  1.8046e-01  3.8010e+00
5.2700e+03  0.0323378960296  1.7970e-01  3.8154e+00
5.2900e+03  0.0321981418718  1.7894e-01  3.8299e+00
5.3100e+03  0.0320593734453  1.7819e-01  3.8444e+00
5.3300e+03  0.0319215809845  1.7744e-01  3.8589e+00
5.3500e+03  0.0317847548497  1.7670e-01  3.8734e+00
5.3700e+03  0.0316488855248  1.7596e-01  3.8878e+00
5.3900e+03  0.0315139636155  1.7523e-01  3.9023e+00
5.4100e+03  0.0313799798473  1.7450e-01  3.9168e+00
5.4300e+03  0.0312469250639  1.7378e-01  3.9313e+00
5.4500e+03  0.0311147902247  1.7306e-01  3.9458e+00
5.4700e+03  0.0309835664036  1.7235e-01  3.9602e+00
5.4900e+03  0.0308532447869  1.7164e-01  3.9747e+00
5.5100e+03  0.0307238166717  1.7094e-01  3.9892e+00
5.5300e+03  0.0305952734639  1.7024e-01  4.0037e+00
5.5500e+03  0.0304676066769  1.6954e-01  4.0182e+00
5.5700e+03  0.0303408079297  1.6885e-01  4.0326e+00
5.5900e+03  0.0302148689453  1.6817e-01  4.0471e+00
5.6100e+03  0.030089781549  1.6749e-01  4.0616e+00
5.6300e+03  0.029965537667  1.6681e-01  4.0761e+00
5.6500e+03  0.029842129325  1.6614e-01  4.0906e+00
5.6700e+03  0.0297195486462  1.6547e-01  4.1050e+00
5.6900e+03  0.0295977878502  1.6481e-01  4.1195e+00
5.7100e+03  0.0294768392517  1.6415e-01  4.1340e+00
5.7300e+03  0.0293566952585  1.6350e-01  4.1485e+00
5.7500e+03  0.0292373483705  1.6285e-01  4.1630e+00
5.7700e+03  0.0291187911783  1.6220e-01  4.1774e+00
5.7900e+03  0.0290010163617  1.6156e-01  4.1919e+00
5.8100e+03  0.0288840166886  1.6092e-01  4.2064e+00
5.8300e+03  0.0287677850134  1.6029e-01  4.2209e+00
5.8500e+03  0.0286523142759  1.5966e-01  4.2354e+00
5.8700e+03  0.0285375975  1.5903e-01  4.2498e+00
5.8900e+03  0.0284236277925  1.5841e-01  4.2643e+00
5.9100e+03  0.0283103983418  1.5779e-01  4.2788e+00
5.9300e+03  0.0281979024167  1.5718e-01  4.2933e+00
5.9500e+03  0.0280861333654  1.5656e-01  4.3078e+00
5.9700e+03  0.0279750846141  1.5596e-01  4.3222e+00
5.9900e+03  0.0278647496661  1.5536e-01  4.3367e+00
6.0100e+03  0.0277551221006  1.5476e-01  4.3512e+00
6.0300e+03  0.0276461955713  1.5416e-01  4.3657e+00
6.0500e+03  0.027537963806  1.5357e-01  4.3802e+00
6.0700e+03  0.0274304206049  1.5298e-01  4.3946e+00
6.0900e+03  0.0273235598398  1.5240e-01  4.4091e+00
6.1100e+03  0.0272173754532  1.5182e-01  4.4236e+00
6.1300e+03  0.0271118614572  1.5124e-01  4.4381e+00
6.1500e+03  0.0270070119323  1.5066e-01  4.4526e+00
6.1700e+03  0.0269028210268  1.5009e-01  4.4670e+00
6.1900e+03  0.0267992829556  1.4953e-01  4.4815e+00
6.2100e+03  0.0266963919995  1.4896e-01  4.4960e+00
6.2300e+03  0.0265941425038  1.4840e-01  4.5105e+00
6.2500e+03  0.026492528878  1.4785e-01  4.5250e+00
6.2700e+03  0.0263915455944  1.4729e-01  4.5394e+00
6.2900e+03  0.0262911871877  1.4674e-01  4.5539e+00
6.3100e+03  0.0261914482536  1.4620e-01  4.5684e+00
6.3300e+03  0.0260923234483  1.4565e-01  4.5829e+00
6.3500e+03  0.0259938074878  1.4511e-01  4.5974e+00
6.3700e+03  0.0258958951466  1.4458e-01  4.6118e+00
6.3900e+03  0.0257985812574  1.4404e-01  4.6263e+00
6.4100e+03  0.0257018607099  1.4351e-01  4.6408e+00
6.4300e+03  0.0256057284503  1.4298e-01  4.6553e+00
6.4500e+03  0.0255101794803  1.4246e-01  4.6697e+00
6.4700e+03  0.0254152088568  1.4194e-01  4.6842e+00
6.4900e+03  0.0253208116904  1.4142e-01  4.6987e+00
6.5100e+03  0.0252269831454  1.4091e-01  4.7132e+00
6.5300e+03  0.0251337184388  1.4039e-01  4.7277e+00
6.5500e+03  0.0250410128393  1.3988e-01  4.7421e+00
6.5700e+03  0.0249488616672  1.3938e-01  4.7566e+00
6.5900e+03  0.0248572602931  1.3888e-01  4.7711e+00
6.6100e+03  0.0247662041379  1.3838e-01  4.7856e+00
6.6300e+03  0.0246756886714  1.3788e-01  4.8001e+00
6.6500e+03  0.0245857094121  1.3738e-01  4.8145e+00
6.6700e+03  0.0244962619266  1.3689e-01  4.8290e+00
6.6900e+03  0.0244073418287  1.3640e-01  4.8435e+00
6.7100e+03  0.0243189447789  1.3592e-01  4.8580e+00
6.7300e+03  0.024231066484  1.3543e-01  4.8725e+00
6.7500e+03  0.0241437026959  1.3495e-01  4.8869e+00
6.7700e+03  0.0240568492119  1.3447e-01  4.9014e+00
6.7900e+03  0.0239705018732  1.3400e-01  4.9159e+00
6.8100e+03  0.0238846565649  1.3353e-01  4.9304e+00
6.8300e+03  0.0237993092153  1.3306e-01  4.9449e+00
6.8500e+03  0.0237144557953  1.3259e-01  4.9593e+00
6.8700e+03  0.0236300923178  1.3213e-01  4.9738e+00
6.8900e+03  0.0235462148374  1.3166e-01  4.9883e+00
6.9100e+03  0.0234628194495  1.3121e-01  5.0028e+00
6.9300e+03  0.02337990229  1.3075e-01  5.0173e+00
6.9500e+03  0.0232974595349  1.3029e-01  5.0317e+00
6.9700e+03  0.0232154873995  1.2984e-01  5.0462e+00
6.9900e+03  0.0231339821381  1.2939e-01  5.0607e+00
7.0100e+03  0.0230529400435  1.2895e-01  5.0752e+00
7.0300e+03  0.0229723574463  1.2850e-01  5.0897e+00
7.0500e+03  0.0228922307149  1.2806e-01  5.1041e+00
7.0700e+03  0.0228125562543  1.2762e-01  5.1186e+00
7.0900e+03  0.0227333305065  1.2719e-01  5.1331e+00
7.1100e+03  0.0226545499492  1.2675e-01  5.1476e+00
7.1300e+03  0.022576211096  1.2632e-01  5.1621e+00
7.1500e+03  0.0224983104956  1.2589e-01  5.1765e+00
7.1700e+03  0.0224208447315  1.2546e-01  5.1910e+00
7.1900e+03  0.0223438104216  1.2504e-01  5.2055e+00
7.2100e+03  0.0222672042175  1.2461e-01  5.2200e+00
7.2300e+03  0.0221910228046  1.2419e-01  5.2345e+00
7.2500e+03  0.022115262901  1.2378e-01  5.2489e+00
7.2700e+03  0.0220399212579  1.2336e-01  5.2634e+00
7.2900e+03  0.0219649946584  1.2295e-01  5.2779e+00
7.3100e+03  0.0218904799177  1.2254e-01  5.2924e+00
7.3300e+03  0.0218163738825  1.2213e-01  5.3069e+00
7.3500e+03  0.0217426734305  1.2172e-01  5.3213e+00
7.3700e+03  0.0216693754701  1.2131e-01  5.3358e+00
7.3900e+03  0.0215964769403  1.2091e-01  5.3503e+00
7.4100e+03  0.0215239748099  1.2051e-01  5.3648e+00
7.4300e+03  0.0214518660772  1.2011e-01  5.3793e+00
7.4500e+03  0.0213801477702  1.1972e-01  5.3937e+00
7.4700e+03  0.0213088169454  1.1932e-01  5.4082e+00
7.4900e+03  0.0212378706882  1.1893e-01  5.4227e+00
7.5100e+03  0.021167306112  1.1854e-01  5.4372e+00
7.5300e+03  0.0210971203582  1.1815e-01  5.4517e+00
7.5500e+03  0.0210273105958  1.1777e-01  5.4661e+00
7.5700e+03  0.0209578740211  1.1738e-01  5.4806e+00
7.5900e+03  0.0208888078571  1.1700e-01  5.4951e+00
7.6100e+03  0.0208201093537  1.1662e-01  5.5096e+00
7.6300e+03  0.0207517757869  1.1624e-01  5.5241e+00
7.6500e+03  0.0206838044587  1.1587e-01  5.5385e+00
7.6700e+03  0.0206161926968  1.1549e-01  5.5530e+00
7.6900e+03  0.0205489378544  1.1512e-01  5.5675e+00
7.7100e+03  0.0204820373096  1.1475e-01  5.5820e+00
7.7300e+03  0.0204154884653  1.1438e-01  5.5965e+00
7.7500e+03  0.0203492887492  1.1402e-01  5.6109e+00
7.7700e+03  0.0202834356128  1.1365e-01  5.6254e+00
7.7900e+03  0.0202179265319  1.1329e-01  5.6399e+00
7.8100e+03  0.0201527590057  1.1293e-01  5.6544e+00
7.8300e+03  0.0200879305569  1.1257e-01  5.6689e+00
7.8500e+03  0.0200234387313  1.1221e-01  5.6833e+00
7.8700e+03  0.0199592810977  1.1186e-01  5.6978e+00
7.8900e+03  0.0198954552473  1.1150e-01  5.7123e+00
7.9100e+03  0.0198319587938  1.1115e-01  5.7268e+00
7.9300e+03  0.0197687893728  1.1080e-01  5.7413e+00
7.9500e+03  0.0197059446419  1.1045e-01  5.7557e+00
7.9700e+03  0.0196434222803  1.1011e-01  5.7702e+00
7.9900e+03  0.0195812199883  1.0976e-01  5.7847e+00
8.0100e+03  0.0195193354876  1.0942e-01  5.7992e+00
8.0300e+03  0.0194577665207  1.0908e-01  5.8137e+00
8.0500e+03  0.0193965108506  1.0874e-01  5.8281e+00
8.0700e+03  0.0193355662607  1.0840e-01  5.8426e+00
8.0900e+03  0.0192749305548  1.0807e-01  5.8571e+00
8.1100e+03  0.0192146015564  1.0773e-01  5.8716e+00
8.1300e+03  0.0191545771089  1.0740e-01  5.8861e+00
8.1500e+03  0.019094855075  1.0707e-01  5.9005e+00
8.1700e+03  0.0190354333369  1.0674e-01  5.9150e+00
8.1900e+03  0.0189763097957  1.0641e-01  5.9295e+00
8.2100e+03  0.0189174823716  1.0608e-01  5.9440e+00
8.2300e+03  0.0188589490032  1.0576e-01  5.9585e+00
8.2500e+03  0.0188007076477  1.0544e-01  5.9729e+00
8.2700e+03  0.0187427562804  1.0511e-01  5.9874e+00
8.2900e+03  0.0186850928949  1.0479e-01  6.0019e+00
8.3100e+03  0.0186277155025  1.0448e-01  6.0164e+00
8.3300e+03  0.0185706221321  1.0416e-01  6.0309e+00
8.3500e+03  0.0185138108301  1.0384e-01  6.0453e+00
8.3700e+03  0.0184572796603  1.0353e-01  6.0598e+00
8.3900e+03  0.0184010267034  1.0322e-01  6.0743e+00
8.4100e+03  0.0183450500571  1.0291e-01  6.0888e+00
8.4300e+03  0.0182893478359  1.0260e-01  6.1033e+00
8.4500e+03  0.0182339181707  1.0229e-01  6.1177e+00
8.4700e+03  0.0181787592089  1.0198e-01  6.1322e+00
8.4900e+03  0.0181238691138  1.0168e-01  6.1467e+00
8.5100e+03  0.0180692460651  1.0138e-01  6.1612e+00
8.5300e+03  0.0180148882582  1.0107e-01  6.1757e+00
8.5500e+03  0.0179607939039  1.0077e-01  6.1901e+00
8.5700e+03  0.017906961229  1.0048e-01  6.2046e+00
8.5900e+03  0.0178533884752  1.0018e-01  6.2191e+00
8.6100e+03  0.0178000738996  9.9882e-02  6.2336e+00
8.6300e+03  0.0177470157744  9.9587e-02  6.2481e+00
8.6500e+03  0.0176942123863  9.9294e-02  6.2625e+00
8.6700e+03  0.0176416620372  9.9002e-02  6.2770e+00
8.6900e+03  0.0175893630432  9.8711e-02  6.2915e+00
8.7100e+03  0.0175373137348  9.8422e-02  6.3060e+00
8.7300e+03  0.0174855124569  9.8134e-02  6.3205e+00
8.7500e+03  0.0174339575685  9.7847e-02  6.3349e+00
8.7700e+03  0.0173826474424  9.7562e-02  6.3494e+00
8.7900e+03  0.0173315804653  9.7278e-02  6.3639e+00
8.8100e+03  0.0172807550375  9.6996e-02  6.3784e+00
8.8300e+03  0.0172301695729  9.6715e-02  6.3929e+00
8.8500e+03  0.0171798224988  9.6435e-02  6.4073e+00
8.8700e+03  0.0171297122556  9.6156e-02  6.4218e+00
8.8900e+03  0.0170798372969  9.5879e-02  6.4363e+00
8.9100e+03  0.0170301960893  9.5603e-02  6.4508e+00
8.9300e+03  0.0169807871121  9.5328e-02  6.4653e+00
8.9500e+03  0.0169316088575  9.5055e-02  6.4797e+00
8.9700e+03  0.0168826598302  9.4782e-02  6.4942e+00
8.9900e+03  0.0168339385472  9.4511e-02  6.5087e+00
9.0100e+03  0.0167854435379  9.4242e-02  6.5232e+00
9.0300e+03  0.0167371733441  9.3973e-02  6.5376e+00
9.0500e+03  0.0166891265195  9.3706e-02  6.5521e+00
9.0700e+03  0.0166413016296  9.3440e-02  6.5666e+00
9.0900e+03  0.0165936972519  9.3175e-02  6.5811e+00
9.1100e+03  0.0165463119756  9.2911e-02  6.5956e+00
9.1300e+03  0.0164991444016  9.2649e-02  6.6100e+00
9.1500e+03  0.016452193142  9.2387e-02  6.6245e+00
9.1700e+03  0.0164054568205  9.2127e-02  6.6390e+00
9.1900e+03  0.0163589340718  9.1868e-02  6.6535e+00
9.2100e+03  0.016312623542  9.1611e-02  6.6680e+00
9.2300e+03  0.0162665238881  9.1354e-02  6.6824e+00
9.2500e+03  0.016220633778  9.1098e-02  6.6969e+00
9.2700e+03  0.0161749518904  9.0844e-02  6.7114e+00
9.2900e+03  0.0161294769147  9.0591e-02  6.7259e+00
9.3100e+03  0.0160842075509  9.0339e-02  6.7404e+00
9.3300e+03  0.0160391425095  9.0088e-02  6.7548e+00
9.3500e+03  0.0159942805113  8.9838e-02  6.7693e+00
9.3700e+03  0.0159496202875  8.9589e-02  6.7838e+00
9.3900e+03  0.0159051605795  8.9342e-02  6.7983e+00
9.4100e+03  0.0158609001385  8.9095e-02  6.8128e+00
9.4300e+03  0.015816837726  8.8850e-02  6.8272e+00
9.4500e+03  0.0157729721132  8.8606e-02  6.8417e+00
9.4700e+03  0.0157293020811  8.8362e-02  6.8562e+00
9.4900e+03  0.0156858264206  8.8120e-02  6.8707e+00
9.5100e+03  0.0156425439319  8.7879e-02  6.8852e+00
9.5300e+03  0.0155994534248  8.7639e-02  6.8996e+00
9.5500e+03  0.0155565537186  8.7400e-02  6.9141e+00
9.5700e+03  0.0155138436418  8.7162e-02  6.9286e+00
9.5900e+03  0.0154713220323  8.6925e-02  6.9431e+00
9.6100e+03  0.0154289877369  8.6689e-02  6.9576e+00
9.6300e+03  0.0153868396116  8.6454e-02  6.9720e+00
9.6500e+03  0.0153448765213  8.6220e-02  6.9865e+00
9.6700e+03  0.0153030973399  8.5987e-02  7.0010e+00
9.6900e+03  0.01526150095  8.5756e-02  7.0155e+00
9.7100e+03  0.0152200862429  8.5525e-02  7.0300e+00
9.7300e+03  0.0151788521185  8.5295e-02  7.0444e+00
9.7500e+03  0.0151377974854  8.5066e-02  7.0589e+00
9.7700e+03  0.0150969212605  8.4838e-02  7.0734e+00
9.7900e+03  0.0150562223691  8.4611e-02  7.0879e+00
9.8100e+03  0.0150156997449  8.4385e-02  7.1024e+00
9.8300e+03  0.0149753523298  8.4160e-02  7.1168e+00
9.8500e+03  0.0149351790737  8.3936e-02  7.1313e+00
9.8700e+03  0.0148951789349  8.3713e-02  7.1458e+00
9.8900e+03  0.0148553508792  8.3491e-02  7.1603e+00
9.9100e+03  0.0148156938809  8.3270e-02  7.1748e+00
9.9300e+03  0.0147762069216  8.3050e-02  7.1892e+00
9.9500e+03  0.014736888991  8.2830e-02  7.2037e+00
9.9700e+03  0.0146977390866  8.2612e-02  7.2182e+00
9.9900e+03  0.0146587562131  8.2395e-02  7.2327e+00
1.0010e+04  0.0146199393831  8.2178e-02  7.2472e+00
1.0030e+04  0.0145812876166  8.1962e-02  7.2616e+00
1.0050e+04  0.0145427999411  8.1748e-02  7.2761e+00
1.0070e+04  0.0145044753912  8.1534e-02  7.2906e+00
1.0090e+04  0.0144663130091  8.1321e-02  7.3051e+00
1.0110e+04  0.0144283118439  8.1109e-02  7.3196e+00
1.0130e+04  0.0143904709522  8.0898e-02  7.3340e+00
1.0150e+04  0.0143527893973  8.0688e-02  7.3485e+00
1.0170e+04  0.0143152662498  8.0478e-02  7.3630e+00
1.0190e+04  0.0142779005871  8.0270e-02  7.3775e+00
1.0210e+04  0.0142406914937  8.0062e-02  7.3920e+00
1.0230e+04  0.0142036380605  7.9855e-02  7.4064e+00
1.0250e+04  0.0141667393857  7.9649e-02  7.4209e+00
1.0270e+04  0.0141299945738  7.9444e-02  7.4354e+00
1.0290e+04  0.0140934027361  7.9240e-02  7.4499e+00
1.0310e+04  0.0140569629904  7.9036e-02  7.4644e+00
1.0330e+04  0.0140206744612  7.8834e-02  7.4788e+00
1.0350e+04  0.0139845362793  7.8632e-02  7.4933e+00
1.0370e+04  0.0139485475819  7.8431e-02  7.5078e+00
1.0390e+04  0.0139127075126  7.8231e-02  7.5223e+00
1.0410e+04  0.0138770152214  7.8032e-02  7.5368e+00
1.0430e+04  0.0138414698643  7.7833e-02  7.5512e+00
1.0450e+04  0.0138060706036  7.7636e-02  7.5657e+00
1.0470e+04  0.0137708166077  7.7439e-02  7.5802e+00
1.0490e+04  0.0137357070512  7.7243e-02  7.5947e+00
1.0510e+04  0.0137007411145  7.7047e-02  7.6092e+00
1.0530e+04  0.0136659179841  7.6853e-02  7.6236e+00
1.0550e+04  0.0136312368524  7.6659e-02  7.6381e+00
1.0570e+04  0.0135966969175  7.6466e-02  7.6526e+00
1.0590e+04  0.0135622973835  7.6274e-02  7.6671e+00
1.0610e+04  0.0135280374601  7.6083e-02  7.6816e+00
1.0630e+04  0.0134939163629  7.5892e-02  7.6960e+00
1.0650e+04  0.0134599333129  7.5702e-02  7.7105e+00
1.0670e+04  0.0134260875368  7.5513e-02  7.7250e+00
1.0690e+04  0.0133923782671  7.5325e-02  7.7395e+00
1.0710e+04  0.0133588047413  7.5137e-02  7.7540e+00
1.0730e+04  0.0133253662028  7.4950e-02  7.7684e+00
1.0750e+04  0.0132920619001  7.4764e-02  7.7829e+00
1.0770e+04  0.0132588910874  7.4579e-02  7.7974e+00
1.0790e+04  0.0132258530238  7.4394e-02  7.8119e+00
1.0810e+04  0.0131929469739  7.4210e-02  7.8264e+00
1.0830e+04  0.0131601722077  7.4027e-02  7.8408e+00
1.0850e+04  0.0131275279999  7.3845e-02  7.8553e+00
1.0870e+04  0.0130950136308  7.3663e-02  7.8698e+00
1.0890e+04  0.0130626283854  7.3482e-02  7.8843e+00
1.0910e+04  0.0130303715541  7.3302e-02  7.8988e+00
1.0930e+04  0.0129982424321  7.3122e-02  7.9132e+00
1.0950e+04  0.0129662403195  7.2943e-02  7.9277e+00
1.0970e+04  0.0129343645215  7.2765e-02  7.9422e+00
1.0990e+04  0.0129026143479  7.2588e-02  7.9567e+00
1.1010e+04  0.0128709891137  7.2411e-02  7.9712e+00
1.1030e+04  0.0128394881384  7.2235e-02  7.9856e+00
1.1050e+04  0.0128081107463  7.2059e-02  8.0001e+00
1.1070e+04  0.0127768562664  7.1885e-02  8.0146e+00
1.1090e+04  0.0127457240325  7.1710e-02  8.0291e+00
1.1110e+04  0.0127147133829  7.1537e-02  8.0436e+00
1.1130e+04  0.0126838236605  7.1364e-02  8.0580e+00
1.1150e+04  0.0126530542128  7.1192e-02  8.0725e+00
1.1170e+04  0.0126224043918  7.1021e-02  8.0870e+00
1.1190e+04  0.0125918735539  7.0850e-02  8.1015e+00
1.1210e+04  0.01256146106  7.0680e-02  8.1160e+00
1.1230e+04  0.0125311662753  7.0511e-02  8.1304e+00
1.1250e+04  0.0125009885696  7.0342e-02  8.1449e+00
1.1270e+04  0.0124709273168  7.0174e-02  8.1594e+00
1.1290e+04  0.0124409818951  7.0006e-02  8.1739e+00
1.1310e+04  0.0124111516871  6.9839e-02  8.1884e+00
1.1330e+04  0.0123814360795  6.9673e-02  8.2028e+00
1.1350e+04  0.0123518344631  6.9508e-02  8.2173e+00
1.1370e+04  0.0123223462331  6.9343e-02  8.2318e+00
1.1390e+04  0.0122929707886  6.9178e-02  8.2463e+00
1.1410e+04  0.0122637075328  6.9015e-02  8.2608e+00
1.1430e+04  0.012234555873  6.8851e-02  8.2752e+00
1.1450e+04  0.0122055152205  6.8689e-02  8.2897e+00
1.1470e+04  0.0121765849905  6.8527e-02  8.3042e+00
1.1490e+04  0.0121477646024  6.8366e-02  8.3187e+00
1.1510e+04  0.0121190534792  6.8205e-02  8.3332e+00
1.1530e+04  0.0120904510479  6.8045e-02  8.3476e+00
1.1550e+04  0.0120619567393  6.7886e-02  8.3621e+00
1.1570e+04  0.0120335699882  6.7727e-02  8.3766e+00
1.1590e+04  0.012005290233  6.7569e-02  8.3911e+00
1.1610e+04  0.0119771169159  6.7411e-02  8.4055e+00
1.1630e+04  0.0119490494829  6.7254e-02  8.4200e+00
1.1650e+04  0.0119210873835  6.7097e-02  8.4345e+00
1.1670e+04  0.011893230071  6.6941e-02  8.4490e+00
1.1690e+04  0.0118654770024  6.6786e-02  8.4635e+00
1.1710e+04  0.0118378276383  6.6631e-02  8.4779e+00
1.1730e+04  0.0118102814426  6.6477e-02  8.4924e+00
1.1750e+04  0.011782837883  6.6324e-02  8.5069e+00
1.1770e+04  0.0117554964308  6.6171e-02  8.5214e+00
1.1790e+04  0.0117282565605  6.6018e-02  8.5359e+00
1.1810e+04  0.0117011177502  6.5866e-02  8.5503e+00
1.1830e+04  0.0116740794816  6.5715e-02  8.5648e+00
1.1850e+04  0.0116471412395  6.5564e-02  8.5793e+00
1.1870e+04  0.0116203025123  6.5414e-02  8.5938e+00
1.1890e+04  0.0115935627917  6.5264e-02  8.6083e+00
1.1910e+04  0.0115669215726  6.5115e-02  8.6227e+00
1.1930e+04  0.0115403783534  6.4966e-02  8.6372e+00
1.1950e+04  0.0115139326356  6.4818e-02  8.6517e+00
1.1970e+04  0.0114875839241  6.4671e-02  8.6662e+00
1.1990e+04  0.0114613317268  6.4524e-02  8.6807e+00
1.2010e+04  0.0114351755551  6.4377e-02  8.6951e+00
1.2030e+04  0.0114091149232  6.4231e-02  8.7096e+00
1.2050e+04  0.0113831493488  6.4086e-02  8.7241e+00
1.2070e+04  0.0113572783525  6.3941e-02  8.7386e+00
1.2090e+04  0.0113315014581  6.3797e-02  8.7531e+00
1.2110e+04  0.0113058181923  6.3653e-02  8.7675e+00
1.2130e+04  0.0112802280851  6.3509e-02  8.7820e+00
1.2150e+04  0.0112547306693  6.3367e-02  8.7965e+00
1.2170e+04  0.0112293254808  6.3224e-02  8.8110e+00
1.2190e+04  0.0112040120585  6.3082e-02  8.8255e+00
1.2210e+04  0.0111787899442  6.2941e-02  8.8399e+00
1.2230e+04  0.0111536586827  6.2800e-02  8.8544e+00
1.2250e+04  0.0111286178215  6.2660e-02  8.8689e+00
1.2270e+04  0.0111036669112  6.2520e-02  8.8834e+00
1.2290e+04  0.0110788055052  6.2381e-02  8.8979e+00
1.2310e+04  0.0110540331597  6.2242e-02  8.9123e+00
1.2330e+04  0.0110293494338  6.2104e-02  8.9268e+00
1.2350e+04  0.0110047538893  6.1966e-02  8.9413e+00
1.2370e+04  0.0109802460908  6.1829e-02  8.9558e+00
1.2390e+04  0.0109558256056  6.1692e-02  8.9703e+00
1.2410e+04  0.0109314920039  6.1556e-02  8.9847e+00
1.2430e+04  0.0109072448584  6.1420e-02  8.9992e+00
1.2450e+04  0.0108830837447  6.1285e-02  9.0137e+00
1.2470e+04  0.0108590082408  6.1150e-02  9.0282e+00
1.2490e+04  0.0108350179276  6.1015e-02  9.0427e+00
1.2510e+04  0.0108111123886  6.0881e-02  9.0571e+00
1.2530e+04  0.0107872912097  6.0748e-02  9.0716e+00
1.2550e+04  0.0107635539795  6.0615e-02  9.0861e+00
1.2570e+04  0.0107399002893  6.0482e-02  9.1006e+00
1.2590e+04  0.0107163297327  6.0350e-02  9.1151e+00
1.2610e+04  0.0106928419062  6.0218e-02  9.1295e+00
1.2630e+04  0.0106694364083  6.0087e-02  9.1440e+00
1.2650e+04  0.0106461128404  5.9957e-02  9.1585e+00
1.2670e+04  0.0106228708062  5.9826e-02  9.1730e+00
1.2690e+04  0.0105997099118  5.9696e-02  9.1875e+00
1.2710e+04  0.010576629766  5.9567e-02  9.2019e+00
1.2730e+04  0.0105536299797  5.9438e-02  9.2164e+00
1.2750e+04  0.0105307101664  5.9310e-02  9.2309e+00
1.2770e+04  0.0105078699418  5.9182e-02  9.2454e+00
1.2790e+04  0.0104851089242  5.9054e-02  9.2599e+00
1.2810e+04  0.0104624267341  5.8927e-02  9.2743e+00
1.2830e+04  0.0104398229942  5.8800e-02  9.2888e+00
1.2850e+04  0.0104172973298  5.8674e-02  9.3033e+00
1.2870e+04  0.0103948493682  5.8548e-02  9.3178e+00
1.2890e+04  0.0103724787393  5.8423e-02  9.3323e+00
1.2910e+04  0.0103501850749  5.8298e-02  9.3467e+00
1.2930e+04  0.0103279680093  5.8173e-02  9.3612e+00
1.2950e+04  0.0103058271789  5.8049e-02  9.3757e+00
1.2970e+04  0.0102837622223  5.7925e-02  9.3902e+00
1.2990e+04  0.0102617727805  5.7802e-02  9.4047e+00
1.3010e+04  0.0102398584963  5.7679e-02  9.4191e+00
1.3030e+04  0.010218019015  5.7557e-02  9.4336e+00
1.3050e+04  0.0101962539838  5.7435e-02  9.4481e+00
1.3070e+04  0.0101745630523  5.7313e-02  9.4626e+00
1.3090e+04  0.0101529458719  5.7192e-02  9.4771e+00
1.3110e+04  0.0101314020964  5.7071e-02  9.4915e+00
1.3130e+04  0.0101099313813  5.6950e-02  9.5060e+00
1.3150e+04  0.0100885333846  5.6830e-02  9.5205e+00
1.3170e+04  0.010067207766  5.6711e-02  9.5350e+00
1.3190e+04  0.0100459541875  5.6592e-02  9.5495e+00
1.3210e+04  0.0100247723129  5.6473e-02  9.5639e+00
1.3230e+04  0.0100036618081  5.6354e-02  9.5784e+00
1.3250e+04  0.00998262234101  5.6236e-02  9.5929e+00
1.3270e+04  0.00996165358154  5.6119e-02  9.6074e+00
1.3290e+04  0.00994075520149  5.6002e-02  9.6219e+00
1.3310e+04  0.00991992687464  5.5885e-02  9.6363e+00
1.3330e+04  0.0098991682767  5.5768e-02  9.6508e+00
1.3350e+04  0.00987847908531  5.5652e-02  9.6653e+00
1.3370e+04  0.00985785898001  5.5537e-02  9.6798e+00
1.3390e+04  0.00983730764222  5.5421e-02  9.6943e+00
1.3410e+04  0.00981682475526  5.5306e-02  9.7087e+00
1.3430e+04  0.00979641000429  5.5192e-02  9.7232e+00
1.3450e+04  0.00977606307636  5.5078e-02  9.7377e+00
1.3470e+04  0.00975578366031  5.4964e-02  9.7522e+00
1.3490e+04  0.00973557144684  5.4851e-02  9.7667e+00
1.3510e+04  0.00971542612846  5.4738e-02  9.7811e+00
1.3530e+04  0.00969534739946  5.4625e-02  9.7956e+00
1.3550e+04  0.00967533495594  5.4513e-02  9.8101e+00
1.3570e+04  0.00965538849574  5.4401e-02  9.8246e+00
1.3590e+04  0.00963550771851  5.4289e-02  9.8391e+00
1.3610e+04  0.0096156923256  5.4178e-02  9.8535e+00
1.3630e+04  0.00959594202012  5.4067e-02  9.8680e+00
1.3650e+04  0.00957625650692  5.3957e-02  9.8825e+00
1.3670e+04  0.00955663549252  5.3847e-02  9.8970e+00
1.3690e+04  0.00953707868516  5.3737e-02  9.9115e+00
1.3710e+04  0.00951758579479  5.3628e-02  9.9259e+00
1.3730e+04  0.00949815653301  5.3519e-02  9.9404e+00
1.3750e+04  0.00947879061307  5.3410e-02  9.9549e+00
1.3770e+04  0.00945948774991  5.3302e-02  9.9694e+00
1.3790e+04  0.00944024766009  5.3194e-02  9.9839e+00
1.3810e+04  0.00942107006179  5.3086e-02  9.9983e+00
1.3830e+04  0.00940195467482  5.2979e-02  1.0013e+01
1.3850e+04  0.0093829012206  5.2872e-02  1.0027e+01
1.3870e+04  0.00936390942214  5.2765e-02  1.0042e+01
1.3890e+04  0.00934497900403  5.2659e-02  1.0056e+01
1.3910e+04  0.00932610969243  5.2553e-02  1.0071e+01
1.3930e+04  0.00930730121508  5.2447e-02  1.0085e+01
1.3950e+04  0.00928855330124  5.2342e-02  1.0100e+01
1.3970e+04  0.00926986568175  5.2237e-02  1.0114e+01
1.3990e+04  0.00925123808894  5.2133e-02  1.0129e+01
