# radius reduced_shear g_no_prefactor x_value
1.0000e+01  16.5609680263  9.9927e-01  1.0876e-02
3.0000e+01  0.442559468544  9.9515e-01  3.2628e-02
5.0000e+01  0.303663377577  9.8875e-01  5.4380e-02
7.0000e+01  0.25077603128  9.8080e-01  7.6132e-02
9.0000e+01  0.22120494669  9.7171e-01  9.7884e-02
1.1000e+02  0.201589741294  9.6177e-01  1.1964e-01
1.3000e+02  0.187245436854  9.5121e-01  1.4139e-01
1.5000e+02  0.176073846467  9.4018e-01  1.6314e-01
1.7000e+02  0.16698372263  9.2881e-01  1.8489e-01
1.9000e+02  0.159346644452  9.1720e-01  2.0664e-01
2.1000e+02  0.152772822566  9.0544e-01  2.2839e-01
2.3000e+02  0.147006371993  8.9358e-01  2.5015e-01
2.5000e+02  0.141871604246  8.8169e-01  2.7190e-01
2.7000e+02  0.1372434148  8.6979e-01  2.9365e-01
2.9000e+02  0.133029981552  8.5794e-01  3.1540e-01
3.1000e+02  0.129162164398  8.4615e-01  3.3715e-01
3.3000e+02  0.12558674764  8.3446e-01  3.5891e-01
3.5000e+02  0.122261984638  8.2287e-01  3.8066e-01
3.7000e+02  0.119154574098  8.1141e-01  4.0241e-01
3.9000e+02  0.116237555652  8.0010e-01  4.2416e-01
4.1000e+02  0.113488812536  7.8893e-01  4.4591e-01
4.3000e+02  0.110889985142  7.7792e-01  4.6767e-01
4.5000e+02  0.108425668834  7.6707e-01  4.8942e-01
4.7000e+02  0.106082812268  7.5639e-01  5.1117e-01
4.9000e+02  0.103850259661  7.4588e-01  5.3292e-01
5.1000e+02  0.101718398052  7.3554e-01  5.5467e-01
5.3000e+02  0.0996788822458  7.2539e-01  5.7643e-01
5.5000e+02  0.0977244180051  7.1540e-01  5.9818e-01
5.7000e+02  0.0958485894502  7.0560e-01  6.1993e-01
5.9000e+02  0.0940457203706  6.9596e-01  6.4168e-01
6.1000e+02  0.0923107618364  6.8651e-01  6.6343e-01
6.3000e+02  0.0906392003908  6.7722e-01  6.8518e-01
6.5000e+02  0.0890269824956  6.6811e-01  7.0694e-01
6.7000e+02  0.0874704519187  6.5916e-01  7.2869e-01
6.9000e+02  0.0859662975051  6.5038e-01  7.5044e-01
7.1000e+02  0.0845115093412  6.4177e-01  7.7219e-01
7.3000e+02  0.0831033417502  6.3332e-01  7.9394e-01
7.5000e+02  0.0817392818811  6.2502e-01  8.1570e-01
7.7000e+02  0.0804170229088  6.1689e-01  8.3745e-01
7.9000e+02  0.0791344410543  6.0890e-01  8.5920e-01
8.1000e+02  0.0778895757895  6.0107e-01  8.8095e-01
8.3000e+02  0.0766806127086  5.9339e-01  9.0270e-01
8.5000e+02  0.075505868645  5.8585e-01  9.2446e-01
8.7000e+02  0.074363778687  5.7845e-01  9.4621e-01
8.9000e+02  0.0732528848058  5.7119e-01  9.6796e-01
9.1000e+02  0.0721718258613  5.6407e-01  9.8971e-01
9.3000e+02  0.0711193287847  5.5708e-01  1.0115e+00
9.5000e+02  0.0700942007765  5.5022e-01  1.0332e+00
9.7000e+02  0.0690953223791  5.4349e-01  1.0550e+00
9.9000e+02  0.0681216413076  5.3688e-01  1.0767e+00
1.0100e+03  0.0671721669396  5.3040e-01  1.0985e+00
1.0300e+03  0.0662459653798  5.2403e-01  1.1202e+00
1.0500e+03  0.065342155028  5.1778e-01  1.1420e+00
1.0700e+03  0.0644599025878  5.1165e-01  1.1637e+00
1.0900e+03  0.0635984194645  5.0562e-01  1.1855e+00
1.1100e+03  0.0627569585054  4.9971e-01  1.2072e+00
1.1300e+03  0.0619348110444  4.9390e-01  1.2290e+00
1.1500e+03  0.0611313042151  4.8820e-01  1.2507e+00
1.1700e+03  0.0603457985046  4.8260e-01  1.2725e+00
1.1900e+03  0.0595776855203  4.7710e-01  1.2942e+00
1.2100e+03  0.0588263859483  4.7169e-01  1.3160e+00
1.2300e+03  0.0580913476826  4.6638e-01  1.3377e+00
1.2500e+03  0.0573720441093  4.6117e-01  1.3595e+00
1.2700e+03  0.0566679725274  4.5604e-01  1.3812e+00
1.2900e+03  0.0559786526963  4.5101e-01  1.4030e+00
1.3100e+03  0.0553036254945  4.4606e-01  1.4247e+00
1.3300e+03  0.0546424516819  4.4120e-01  1.4465e+00
1.3500e+03  0.0539947107535  4.3641e-01  1.4683e+00
1.3700e+03  0.0533599998783  4.3171e-01  1.4900e+00
1.3900e+03  0.0527379329138  4.2709e-01  1.5118e+00
1.4100e+03  0.0521281394917  4.2255e-01  1.5335e+00
1.4300e+03  0.0515302641658  4.1809e-01  1.5553e+00
1.4500e+03  0.0509439656199  4.1369e-01  1.5770e+00
1.4700e+03  0.0503689159281  4.0937e-01  1.5988e+00
1.4900e+03  0.0498047998645  4.0513e-01  1.6205e+00
1.5100e+03  0.0492513142581  4.0095e-01  1.6423e+00
1.5300e+03  0.0487081673892  3.9684e-01  1.6640e+00
1.5500e+03  0.0481750784238  3.9279e-01  1.6858e+00
1.5700e+03  0.0476517768836  3.8881e-01  1.7075e+00
1.5900e+03  0.0471380021484  3.8490e-01  1.7293e+00
1.6100e+03  0.0466335029884  3.8105e-01  1.7510e+00
1.6300e+03  0.0461380371251  3.7725e-01  1.7728e+00
1.6500e+03  0.0456513708174  3.7352e-01  1.7945e+00
1.6700e+03  0.0451732784721  3.6985e-01  1.8163e+00
1.6900e+03  0.0447035422766  3.6623e-01  1.8380e+00
1.7100e+03  0.0442419518522  3.6267e-01  1.8598e+00
1.7300e+03  0.0437883039272  3.5917e-01  1.8815e+00
1.7500e+03  0.0433424020275  3.5572e-01  1.9033e+00
1.7700e+03  0.0429040561843  3.5232e-01  1.9250e+00
1.7900e+03  0.0424730826573  3.4897e-01  1.9468e+00
1.8100e+03  0.042049303673  3.4568e-01  1.9685e+00
1.8300e+03  0.0416325471764  3.4243e-01  1.9903e+00
1.8500e+03  0.0412226465951  3.3923e-01  2.0121e+00
1.8700e+03  0.0408194406165  3.3608e-01  2.0338e+00
1.8900e+03  0.0404227729757  3.3298e-01  2.0556e+00
1.9100e+03  0.0400324922538  3.2992e-01  2.0773e+00
1.9300e+03  0.0396484516864  3.2691e-01  2.0991e+00
1.9500e+03  0.0392705089817  3.2394e-01  2.1208e+00
1.9700e+03  0.0388985261472  3.2101e-01  2.1426e+00
1.9900e+03  0.0385323693245  3.1813e-01  2.1643e+00
2.0100e+03  0.0381719086323  3.1529e-01  2.1861e+00
2.0300e+03  0.0378170180166  3.1248e-01  2.2078e+00
2.0500e+03  0.0374675751075  3.0972e-01  2.2296e+00
2.0700e+03  0.0371234610834  3.0700e-01  2.2513e+00
2.0900e+03  0.0367845605407  3.0431e-01  2.2731e+00
2.1100e+03  0.0364507613695  3.0167e-01  2.2948e+00
2.1300e+03  0.0361219546351  2.9905e-01  2.3166e+00
2.1500e+03  0.0357980344643  2.9648e-01  2.3383e+00
2.1700e+03  0.0354788979373  2.9394e-01  2.3601e+00
2.1900e+03  0.0351644449837  2.9144e-01  2.3818e+00
2.2100e+03  0.0348545782833  2.8897e-01  2.4036e+00
2.2300e+03  0.0345492031709  2.8653e-01  2.4253e+00
2.2500e+03  0.0342482275454  2.8413e-01  2.4471e+00
2.2700e+03  0.0339515617828  2.8175e-01  2.4688e+00
2.2900e+03  0.0336591186519  2.7941e-01  2.4906e+00
2.3100e+03  0.0333708132351  2.7710e-01  2.5123e+00
2.3300e+03  0.0330865628506  2.7483e-01  2.5341e+00
2.3500e+03  0.0328062869791  2.7258e-01  2.5558e+00
2.3700e+03  0.0325299071931  2.7036e-01  2.5776e+00
2.3900e+03  0.0322573470885  2.6817e-01  2.5994e+00
2.4100e+03  0.0319885322198  2.6601e-01  2.6211e+00
2.4300e+03  0.0317233900366  2.6387e-01  2.6429e+00
2.4500e+03  0.0314618498243  2.6177e-01  2.6646e+00
2.4700e+03  0.0312038426453  2.5969e-01  2.6864e+00
2.4900e+03  0.0309493012837  2.5764e-01  2.7081e+00
2.5100e+03  0.0306981601914  2.5561e-01  2.7299e+00
2.5300e+03  0.0304503554366  2.5361e-01  2.7516e+00
2.5500e+03  0.0302058246544  2.5163e-01  2.7734e+00
2.5700e+03  0.0299645069983  2.4968e-01  2.7951e+00
2.5900e+03  0.0297263430951  2.4775e-01  2.8169e+00
2.6100e+03  0.0294912749995  2.4585e-01  2.8386e+00
2.6300e+03  0.0292592461522  2.4397e-01  2.8604e+00
2.6500e+03  0.029030201338  2.4211e-01  2.8821e+00
2.6700e+03  0.0288040866468  2.4028e-01  2.9039e+00
2.6900e+03  0.0285808494345  2.3847e-01  2.9256e+00
2.7100e+03  0.0283604382867  2.3668e-01  2.9474e+00
2.7300e+03  0.0281428029827  2.3491e-01  2.9691e+00
2.7500e+03  0.0279278944613  2.3316e-01  2.9909e+00
2.7700e+03  0.0277156647873  2.3144e-01  3.0126e+00
2.7900e+03  0.0275060671197  2.2973e-01  3.0344e+00
2.8100e+03  0.0272990556806  2.2804e-01  3.0561e+00
2.8300e+03  0.0270945857254  2.2638e-01  3.0779e+00
2.8500e+03  0.0268926135138  2.2473e-01  3.0996e+00
2.8700e+03  0.0266930962818  2.2310e-01  3.1214e+00
2.8900e+03  0.0264959922149  2.2150e-01  3.1431e+00
2.9100e+03  0.0263012604219  2.1991e-01  3.1649e+00
2.9300e+03  0.0261088609098  2.1834e-01  3.1867e+00
2.9500e+03  0.0259187545591  2.1678e-01  3.2084e+00
2.9700e+03  0.0257309031003  2.1525e-01  3.2302e+00
2.9900e+03  0.0255452690913  2.1373e-01  3.2519e+00
3.0100e+03  0.0253618158951  2.1223e-01  3.2737e+00
3.0300e+03  0.0251805076583  2.1074e-01  3.2954e+00
3.0500e+03  0.0250013092905  2.0928e-01  3.3172e+00
3.0700e+03  0.0248241864443  2.0782e-01  3.3389e+00
3.0900e+03  0.0246491054958  2.0639e-01  3.3607e+00
3.1100e+03  0.0244760335257  2.0497e-01  3.3824e+00
3.1300e+03  0.0243049383013  2.0357e-01  3.4042e+00
3.1500e+03  0.0241357882585  2.0218e-01  3.4259e+00
3.1700e+03  0.023968552485  2.0081e-01  3.4477e+00
3.1900e+03  0.0238032007035  1.9945e-01  3.4694e+00
3.2100e+03  0.0236397032557  1.9811e-01  3.4912e+00
3.2300e+03  0.0234780310865  1.9678e-01  3.5129e+00
3.2500e+03  0.0233181557293  1.9546e-01  3.5347e+00
3.2700e+03  0.0231600492908  1.9416e-01  3.5564e+00
3.2900e+03  0.0230036844372  1.9288e-01  3.5782e+00
3.3100e+03  0.02284903438  1.9161e-01  3.5999e+00
3.3300e+03  0.0226960728629  1.9035e-01  3.6217e+00
3.3500e+03  0.0225447741485  1.8910e-01  3.6434e+00
3.3700e+03  0.022395113006  1.8787e-01  3.6652e+00
3.3900e+03  0.0222470646986  1.8665e-01  3.6869e+00
3.4100e+03  0.0221006049718  1.8544e-01  3.7087e+00
3.4300e+03  0.0219557100417  1.8425e-01  3.7305e+00
3.4500e+03  0.0218123565838  1.8306e-01  3.7522e+00
3.4700e+03  0.0216705217223  1.8189e-01  3.7740e+00
3.4900e+03  0.0215301830189  1.8074e-01  3.7957e+00
3.5100e+03  0.0213913184632  1.7959e-01  3.8175e+00
3.5300e+03  0.0212539064621  1.7846e-01  3.8392e+00
3.5500e+03  0.0211179258306  1.7733e-01  3.8610e+00
3.5700e+03  0.0209833557818  1.7622e-01  3.8827e+00
3.5900e+03  0.0208501759179  1.7512e-01  3.9045e+00
3.6100e+03  0.0207183662214  1.7403e-01  3.9262e+00
3.6300e+03  0.0205879070462  1.7295e-01  3.9480e+00
3.6500e+03  0.0204587791092  1.7188e-01  3.9697e+00
3.6700e+03  0.0203309634821  1.7083e-01  3.9915e+00
3.6900e+03  0.0202044415832  1.6978e-01  4.0132e+00
3.7100e+03  0.0200791951698  1.6874e-01  4.0350e+00
3.7300e+03  0.0199552063306  1.6772e-01  4.0567e+00
3.7500e+03  0.0198324574781  1.6670e-01  4.0785e+00
3.7700e+03  0.0197109313415  1.6569e-01  4.1002e+00
3.7900e+03  0.01959061096  1.6470e-01  4.1220e+00
3.8100e+03  0.0194714796755  1.6371e-01  4.1437e+00
3.8300e+03  0.0193535211263  1.6273e-01  4.1655e+00
3.8500e+03  0.0192367192403  1.6177e-01  4.1872e+00
3.8700e+03  0.0191210582291  1.6081e-01  4.2090e+00
3.8900e+03  0.0190065225817  1.5986e-01  4.2307e+00
3.9100e+03  0.0188930970583  1.5892e-01  4.2525e+00
3.9300e+03  0.0187807666848  1.5798e-01  4.2742e+00
3.9500e+03  0.0186695167469  1.5706e-01  4.2960e+00
3.9700e+03  0.0185593327848  1.5615e-01  4.3178e+00
3.9900e+03  0.0184502005875  1.5524e-01  4.3395e+00
4.0100e+03  0.0183421061877  1.5434e-01  4.3613e+00
4.0300e+03  0.0182350358569  1.5345e-01  4.3830e+00
4.0500e+03  0.0181289760997  1.5257e-01  4.4048e+00
4.0700e+03  0.01802391365  1.5170e-01  4.4265e+00
4.0900e+03  0.0179198354653  1.5083e-01  4.4483e+00
4.1100e+03  0.0178167287223  1.4998e-01  4.4700e+00
4.1300e+03  0.0177145808129  1.4913e-01  4.4918e+00
4.1500e+03  0.017613379339  1.4829e-01  4.5135e+00
4.1700e+03  0.0175131121088  1.4745e-01  4.5353e+00
4.1900e+03  0.0174137671323  1.4663e-01  4.5570e+00
4.2100e+03  0.0173153326173  1.4581e-01  4.5788e+00
4.2300e+03  0.0172177969654  1.4500e-01  4.6005e+00
4.2500e+03  0.017121148768  1.4419e-01  4.6223e+00
4.2700e+03  0.0170253768028  1.4339e-01  4.6440e+00
4.2900e+03  0.0169304700297  1.4260e-01  4.6658e+00
4.3100e+03  0.0168364175872  1.4182e-01  4.6875e+00
4.3300e+03  0.0167432087893  1.4104e-01  4.7093e+00
4.3500e+03  0.0166508331215  1.4028e-01  4.7310e+00
4.3700e+03  0.0165592802376  1.3951e-01  4.7528e+00
4.3900e+03  0.0164685399566  1.3876e-01  4.7745e+00
4.4100e+03  0.0163786022592  1.3801e-01  4.7963e+00
4.4300e+03  0.016289457285  1.3726e-01  4.8180e+00
4.4500e+03  0.0162010953288  1.3653e-01  4.8398e+00
4.4700e+03  0.0161135068384  1.3580e-01  4.8615e+00
4.4900e+03  0.0160266824109  1.3507e-01  4.8833e+00
4.5100e+03  0.0159406127903  1.3436e-01  4.9051e+00
4.5300e+03  0.0158552888648  1.3364e-01  4.9268e+00
4.5500e+03  0.0157707016635  1.3294e-01  4.9486e+00
4.5700e+03  0.0156868423542  1.3224e-01  4.9703e+00
4.5900e+03  0.0156037022407  1.3155e-01  4.9921e+00
4.6100e+03  0.01552127276  1.3086e-01  5.0138e+00
4.6300e+03  0.0154395454801  1.3018e-01  5.0356e+00
4.6500e+03  0.0153585120975  1.2950e-01  5.0573e+00
4.6700e+03  0.0152781644345  1.2883e-01  5.0791e+00
4.6900e+03  0.0151984944372  1.2816e-01  5.1008e+00
4.7100e+03  0.0151194941732  1.2750e-01  5.1226e+00
4.7300e+03  0.0150411558292  1.2685e-01  5.1443e+00
4.7500e+03  0.0149634717088  1.2620e-01  5.1661e+00
4.7700e+03  0.0148864342304  1.2556e-01  5.1878e+00
4.7900e+03  0.0148100359253  1.2492e-01  5.2096e+00
4.8100e+03  0.0147342694354  1.2429e-01  5.2313e+00
4.8300e+03  0.0146591275112  1.2366e-01  5.2531e+00
4.8500e+03  0.0145846030101  1.2303e-01  5.2748e+00
4.8700e+03  0.0145106888941  1.2242e-01  5.2966e+00
4.8900e+03  0.0144373782283  1.2180e-01  5.3183e+00
4.9100e+03  0.0143646641786  1.2120e-01  5.3401e+00
4.9300e+03  0.0142925400104  1.2059e-01  5.3618e+00
4.9500e+03  0.0142209990866  1.1999e-01  5.3836e+00
4.9700e+03  0.0141500348658  1.1940e-01  5.4053e+00
4.9900e+03  0.0140796409006  1.1881e-01  5.4271e+00
5.0100e+03  0.0140098108364  1.1823e-01  5.4488e+00
5.0300e+03  0.013940538409  1.1765e-01  5.4706e+00
5.0500e+03  0.0138718174436  1.1707e-01  5.4924e+00
5.0700e+03  0.0138036418532  1.1650e-01  5.5141e+00
5.0900e+03  0.0137360056367  1.1594e-01  5.5359e+00
5.1100e+03  0.0136689028779  1.1537e-01  5.5576e+00
5.1300e+03  0.0136023277436  1.1482e-01  5.5794e+00
5.1500e+03  0.0135362744826  1.1426e-01  5.6011e+00
5.1700e+03  0.0134707374238  1.1372e-01  5.6229e+00
5.1900e+03  0.0134057109754  1.1317e-01  5.6446e+00
5.2100e+03  0.0133411896231  1.1263e-01  5.6664e+00
5.2300e+03  0.0132771679288  1.1209e-01  5.6881e+00
5.2500e+03  0.0132136405298  1.1156e-01  5.7099e+00
5.2700e+03  0.0131506021368  1.1103e-01  5.7316e+00
5.2900e+03  0.0130880475333  1.1051e-01  5.7534e+00
5.3100e+03  0.013025971574  1.0999e-01  5.7751e+00
5.3300e+03  0.0129643691837  1.0947e-01  5.7969e+00
5.3500e+03  0.0129032353564  1.0896e-01  5.8186e+00
5.3700e+03  0.0128425651537  1.0845e-01  5.8404e+00
5.3900e+03  0.0127823537039  1.0795e-01  5.8621e+00
5.4100e+03  0.012722596201  1.0745e-01  5.8839e+00
5.4300e+03  0.0126632879034  1.0695e-01  5.9056e+00
5.4500e+03  0.0126044241331  1.0646e-01  5.9274e+00
5.4700e+03  0.0125460002745  1.0597e-01  5.9491e+00
5.4900e+03  0.0124880117733  1.0548e-01  5.9709e+00
5.5100e+03  0.0124304541357  1.0500e-01  5.9926e+00
5.5300e+03  0.0123733229272  1.0452e-01  6.0144e+00
5.5500e+03  0.012316613772  1.0404e-01  6.0362e+00
5.5700e+03  0.0122603223516  1.0357e-01  6.0579e+00
5.5900e+03  0.0122044444042  1.0310e-01  6.0797e+00
5.6100e+03  0.0121489757238  1.0264e-01  6.1014e+00
5.6300e+03  0.0120939121591  1.0218e-01  6.1232e+00
5.6500e+03  0.0120392496126  1.0172e-01  6.1449e+00
5.6700e+03  0.0119849840401  1.0126e-01  6.1667e+00
5.6900e+03  0.0119311114497  1.0081e-01  6.1884e+00
5.7100e+03  0.0118776279006  1.0036e-01  6.2102e+00
5.7300e+03  0.0118245295028  9.9915e-02  6.2319e+00
5.7500e+03  0.0117718124163  9.9473e-02  6.2537e+00
5.7700e+03  0.0117194728497  9.9034e-02  6.2754e+00
5.7900e+03  0.0116675070603  9.8597e-02  6.2972e+00
5.8100e+03  0.0116159113527  9.8164e-02  6.3189e+00
5.8300e+03  0.0115646820783  9.7734e-02  6.3407e+00
5.8500e+03  0.0115138156346  9.7307e-02  6.3624e+00
5.8700e+03  0.0114633084644  9.6883e-02  6.3842e+00
5.8900e+03  0.0114131570552  9.6462e-02  6.4059e+00
5.9100e+03  0.0113633579386  9.6043e-02  6.4277e+00
5.9300e+03  0.0113139076892  9.5628e-02  6.4494e+00
5.9500e+03  0.0112648029245  9.5216e-02  6.4712e+00
5.9700e+03  0.0112160403038  9.4806e-02  6.4929e+00
5.9900e+03  0.011167616528  9.4399e-02  6.5147e+00
6.0100e+03  0.0111195283384  9.3995e-02  6.5364e+00
6.0300e+03  0.0110717725167  9.3594e-02  6.5582e+00
6.0500e+03  0.0110243458841  9.3196e-02  6.5799e+00
6.0700e+03  0.0109772453005  9.2800e-02  6.6017e+00
6.0900e+03  0.0109304676643  9.2407e-02  6.6235e+00
6.1100e+03  0.0108840099117  9.2016e-02  6.6452e+00
6.1300e+03  0.0108378690159  9.1629e-02  6.6670e+00
6.1500e+03  0.0107920419871  9.1243e-02  6.6887e+00
6.1700e+03  0.0107465258713  9.0861e-02  6.7105e+00
6.1900e+03  0.0107013177503  9.0481e-02  6.7322e+00
6.2100e+03  0.0106564147408  9.0103e-02  6.7540e+00
6.2300e+03  0.010611813994  8.9728e-02  6.7757e+00
6.2500e+03  0.0105675126955  8.9356e-02  6.7975e+00
6.2700e+03  0.0105235080639  8.8986e-02  6.8192e+00
6.2900e+03  0.0104797973514  8.8618e-02  6.8410e+00
6.3100e+03  0.0104363778424  8.8253e-02  6.8627e+00
6.3300e+03  0.0103932468535  8.7891e-02  6.8845e+00
6.3500e+03  0.0103504017331  8.7530e-02  6.9062e+00
6.3700e+03  0.0103078398606  8.7172e-02  6.9280e+00
6.3900e+03  0.0102655586461  8.6817e-02  6.9497e+00
6.4100e+03  0.0102235555302  8.6463e-02  6.9715e+00
6.4300e+03  0.0101818279833  8.6112e-02  6.9932e+00
6.4500e+03  0.0101403735051  8.5764e-02  7.0150e+00
6.4700e+03  0.0100991896246  8.5417e-02  7.0367e+00
6.4900e+03  0.010058273899  8.5073e-02  7.0585e+00
6.5100e+03  0.0100176239142  8.4731e-02  7.0802e+00
6.5300e+03  0.00997723728354  8.4391e-02  7.1020e+00
6.5500e+03  0.00993711164792  8.4053e-02  7.1237e+00
6.5700e+03  0.00989724467528  8.3718e-02  7.1455e+00
6.5900e+03  0.00985763406021  8.3385e-02  7.1672e+00
6.6100e+03  0.00981827752357  8.3053e-02  7.1890e+00
6.6300e+03  0.00977917281215  8.2724e-02  7.2108e+00
6.6500e+03  0.00974031769831  8.2397e-02  7.2325e+00
6.6700e+03  0.00970170997962  8.2072e-02  7.2543e+00
6.6900e+03  0.00966334747849  8.1749e-02  7.2760e+00
6.7100e+03  0.00962522804186  8.1429e-02  7.2978e+00
6.7300e+03  0.00958734954085  8.1110e-02  7.3195e+00
6.7500e+03  0.00954970987044  8.0793e-02  7.3413e+00
6.7700e+03  0.00951230694913  8.0478e-02  7.3630e+00
6.7900e+03  0.00947513871861  8.0165e-02  7.3848e+00
6.8100e+03  0.00943820314346  7.9854e-02  7.4065e+00
6.8300e+03  0.00940149821087  7.9545e-02  7.4283e+00
6.8500e+03  0.00936502193025  7.9238e-02  7.4500e+00
6.8700e+03  0.00932877233304  7.8933e-02  7.4718e+00
6.8900e+03  0.0092927474723  7.8629e-02  7.4935e+00
6.9100e+03  0.00925694542251  7.8328e-02  7.5153e+00
6.9300e+03  0.00922136427925  7.8028e-02  7.5370e+00
6.9500e+03  0.0091860021589  7.7730e-02  7.5588e+00
6.9700e+03  0.00915085719838  7.7434e-02  7.5805e+00
6.9900e+03  0.00911592755489  7.7140e-02  7.6023e+00
7.0100e+03  0.00908121140562  7.6847e-02  7.6240e+00
7.0300e+03  0.00904670694749  7.6557e-02  7.6458e+00
7.0500e+03  0.0090124123969  7.6268e-02  7.6675e+00
7.0700e+03  0.00897832598946  7.5981e-02  7.6893e+00
7.0900e+03  0.00894444597974  7.5695e-02  7.7110e+00
7.1100e+03  0.00891077064104  7.5412e-02  7.7328e+00
7.1300e+03  0.00887729826512  7.5130e-02  7.7546e+00
7.1500e+03  0.00884402716196  7.4849e-02  7.7763e+00
7.1700e+03  0.00881095565956  7.4571e-02  7.7981e+00
7.1900e+03  0.00877808210365  7.4294e-02  7.8198e+00
7.2100e+03  0.0087454048575  7.4018e-02  7.8416e+00
7.2300e+03  0.00871292230169  7.3744e-02  7.8633e+00
7.2500e+03  0.00868063283388  7.3472e-02  7.8851e+00
7.2700e+03  0.00864853486857  7.3202e-02  7.9068e+00
7.2900e+03  0.00861662683693  7.2933e-02  7.9286e+00
7.3100e+03  0.00858490718654  7.2665e-02  7.9503e+00
7.3300e+03  0.00855337438121  7.2400e-02  7.9721e+00
7.3500e+03  0.00852202690076  7.2135e-02  7.9938e+00
7.3700e+03  0.00849086324083  7.1873e-02  8.0156e+00
7.3900e+03  0.00845988191267  7.1612e-02  8.0373e+00
7.4100e+03  0.00842908144294  7.1352e-02  8.0591e+00
7.4300e+03  0.0083984603735  7.1094e-02  8.0808e+00
7.4500e+03  0.00836801726126  7.0837e-02  8.1026e+00
7.4700e+03  0.00833775067797  7.0582e-02  8.1243e+00
7.4900e+03  0.00830765921002  7.0328e-02  8.1461e+00
7.5100e+03  0.00827774145827  7.0076e-02  8.1678e+00
7.5300e+03  0.00824799603788  6.9825e-02  8.1896e+00
7.5500e+03  0.0082184215781  6.9576e-02  8.2113e+00
7.5700e+03  0.00818901672214  6.9328e-02  8.2331e+00
7.5900e+03  0.00815978012696  6.9081e-02  8.2548e+00
7.6100e+03  0.0081307104631  6.8836e-02  8.2766e+00
7.6300e+03  0.00810180641455  6.8592e-02  8.2983e+00
7.6500e+03  0.00807306667854  6.8350e-02  8.3201e+00
7.6700e+03  0.00804448996542  6.8109e-02  8.3419e+00
7.6900e+03  0.00801607499844  6.7869e-02  8.3636e+00
7.7100e+03  0.00798782051367  6.7631e-02  8.3854e+00
7.7300e+03  0.00795972525978  6.7394e-02  8.4071e+00
7.7500e+03  0.0079317879979  6.7158e-02  8.4289e+00
7.7700e+03  0.00790400750149  6.6924e-02  8.4506e+00
7.7900e+03  0.00787638255619  6.6691e-02  8.4724e+00
7.8100e+03  0.00784891195964  6.6459e-02  8.4941e+00
7.8300e+03  0.00782159452136  6.6229e-02  8.5159e+00
7.8500e+03  0.00779442906262  6.6000e-02  8.5376e+00
7.8700e+03  0.00776741441625  6.5772e-02  8.5594e+00
7.8900e+03  0.00774054942658  6.5545e-02  8.5811e+00
7.9100e+03  0.00771383294921  6.5320e-02  8.6029e+00
7.9300e+03  0.00768726385095  6.5095e-02  8.6246e+00
7.9500e+03  0.00766084100965  6.4873e-02  8.6464e+00
7.9700e+03  0.00763456331407  6.4651e-02  8.6681e+00
7.9900e+03  0.00760842966377  6.4430e-02  8.6899e+00
8.0100e+03  0.00758243896896  6.4211e-02  8.7116e+00
8.0300e+03  0.00755659015039  6.3993e-02  8.7334e+00
8.0500e+03  0.00753088213923  6.3776e-02  8.7551e+00
8.0700e+03  0.00750531387691  6.3560e-02  8.7769e+00
8.0900e+03  0.00747988431505  6.3345e-02  8.7986e+00
8.1100e+03  0.00745459241532  6.3132e-02  8.8204e+00
8.1300e+03  0.0074294371493  6.2920e-02  8.8421e+00
8.1500e+03  0.0074044174984  6.2709e-02  8.8639e+00
8.1700e+03  0.00737953245374  6.2499e-02  8.8856e+00
8.1900e+03  0.007354781016  6.2290e-02  8.9074e+00
8.2100e+03  0.00733016219538  6.2082e-02  8.9292e+00
8.2300e+03  0.0073056750114  6.1875e-02  8.9509e+00
8.2500e+03  0.00728131849287  6.1670e-02  8.9727e+00
8.2700e+03  0.00725709167775  6.1465e-02  8.9944e+00
8.2900e+03  0.00723299361304  6.1262e-02  9.0162e+00
8.3100e+03  0.0072090233547  6.1059e-02  9.0379e+00
8.3300e+03  0.00718517996751  6.0858e-02  9.0597e+00
8.3500e+03  0.007161462525  6.0658e-02  9.0814e+00
8.3700e+03  0.00713787010936  6.0459e-02  9.1032e+00
8.3900e+03  0.00711440181129  6.0260e-02  9.1249e+00
8.4100e+03  0.00709105672997  6.0063e-02  9.1467e+00
8.4300e+03  0.00706783397292  5.9867e-02  9.1684e+00
8.4500e+03  0.0070447326559  5.9672e-02  9.1902e+00
8.4700e+03  0.00702175190285  5.9478e-02  9.2119e+00
8.4900e+03  0.0069988908458  5.9285e-02  9.2337e+00
8.5100e+03  0.00697614862471  5.9093e-02  9.2554e+00
8.5300e+03  0.00695352438749  5.8902e-02  9.2772e+00
8.5500e+03  0.00693101728981  5.8712e-02  9.2989e+00
8.5700e+03  0.00690862649508  5.8523e-02  9.3207e+00
8.5900e+03  0.00688635117434  5.8335e-02  9.3424e+00
8.6100e+03  0.00686419050617  5.8148e-02  9.3642e+00
8.6300e+03  0.00684214367661  5.7961e-02  9.3859e+00
8.6500e+03  0.00682020987908  5.7776e-02  9.4077e+00
8.6700e+03  0.00679838831432  5.7592e-02  9.4294e+00
8.6900e+03  0.00677667819025  5.7408e-02  9.4512e+00
8.7100e+03  0.00675507872195  5.7226e-02  9.4730e+00
8.7300e+03  0.00673358913158  5.7045e-02  9.4947e+00
8.7500e+03  0.00671220864823  5.6864e-02  9.5165e+00
8.7700e+03  0.00669093650796  5.6684e-02  9.5382e+00
8.7900e+03  0.00666977195361  5.6505e-02  9.5600e+00
8.8100e+03  0.0066487142348  5.6328e-02  9.5817e+00
8.8300e+03  0.00662776260784  5.6151e-02  9.6035e+00
8.8500e+03  0.00660691633562  5.5975e-02  9.6252e+00
8.8700e+03  0.00658617468761  5.5799e-02  9.6470e+00
8.8900e+03  0.00656553693972  5.5625e-02  9.6687e+00
8.9100e+03  0.00654500237426  5.5451e-02  9.6905e+00
8.9300e+03  0.00652457027989  5.5279e-02  9.7122e+00
8.9500e+03  0.00650423995152  5.5107e-02  9.7340e+00
8.9700e+03  0.00648401069024  5.4936e-02  9.7557e+00
8.9900e+03  0.0064638818033  5.4766e-02  9.7775e+00
9.0100e+03  0.00644385260399  5.4597e-02  9.7992e+00
9.0300e+03  0.00642392241159  5.4429e-02  9.8210e+00
9.0500e+03  0.00640409055135  5.4261e-02  9.8427e+00
9.0700e+03  0.00638435635437  5.4094e-02  9.8645e+00
9.0900e+03  0.00636471915754  5.3928e-02  9.8862e+00
9.1100e+03  0.00634517830354  5.3763e-02  9.9080e+00
9.1300e+03  0.00632573314071  5.3599e-02  9.9297e+00
9.1500e+03  0.00630638302302  5.3435e-02  9.9515e+00
9.1700e+03  0.00628712731002  5.3273e-02  9.9732e+00
9.1900e+03  0.00626796536675  5.3111e-02  9.9950e+00
9.2100e+03  0.00624889656372  5.2950e-02  1.0017e+01
9.2300e+03  0.00622992027683  5.2789e-02  1.0039e+01
9.2500e+03  0.00621103588731  5.2630e-02  1.0060e+01
9.2700e+03  0.0061922427817  5.2471e-02  1.0082e+01
9.2900e+03  0.00617354035173  5.2313e-02  1.0104e+01
9.3100e+03  0.00615492799433  5.2155e-02  1.0126e+01
9.3300e+03  0.00613640511154  5.1999e-02  1.0147e+01
9.3500e+03  0.00611797111048  5.1843e-02  1.0169e+01
9.3700e+03  0.00609962540327  5.1688e-02  1.0191e+01
9.3900e+03  0.00608136740701  5.1534e-02  1.0213e+01
9.4100e+03  0.00606319654369  5.1380e-02  1.0234e+01
9.4300e+03  0.00604511224017  5.1227e-02  1.0256e+01
9.4500e+03  0.00602711392815  5.1075e-02  1.0278e+01
9.4700e+03  0.00600920104405  5.0924e-02  1.0300e+01
9.4900e+03  0.00599137302903  5.0773e-02  1.0321e+01
9.5100e+03  0.00597362932891  5.0623e-02  1.0343e+01
9.5300e+03  0.00595596939414  5.0474e-02  1.0365e+01
9.5500e+03  0.00593839267972  5.0325e-02  1.0387e+01
9.5700e+03  0.0059208986452  5.0177e-02  1.0408e+01
9.5900e+03  0.00590348675459  5.0030e-02  1.0430e+01
9.6100e+03  0.00588615647634  4.9884e-02  1.0452e+01
9.6300e+03  0.00586890728331  4.9738e-02  1.0474e+01
9.6500e+03  0.00585173865267  4.9593e-02  1.0495e+01
9.6700e+03  0.00583465006593  4.9448e-02  1.0517e+01
9.6900e+03  0.00581764100883  4.9304e-02  1.0539e+01
9.7100e+03  0.00580071097134  4.9161e-02  1.0561e+01
9.7300e+03  0.00578385944761  4.9019e-02  1.0582e+01
9.7500e+03  0.00576708593591  4.8877e-02  1.0604e+01
9.7700e+03  0.0057503899386  4.8736e-02  1.0626e+01
9.7900e+03  0.00573377096212  4.8595e-02  1.0648e+01
9.8100e+03  0.00571722851689  4.8455e-02  1.0669e+01
9.8300e+03  0.0057007621173  4.8316e-02  1.0691e+01
9.8500e+03  0.00568437128171  4.8178e-02  1.0713e+01
9.8700e+03  0.00566805553232  4.8040e-02  1.0735e+01
9.8900e+03  0.00565181439524  4.7902e-02  1.0756e+01
9.9100e+03  0.00563564740035  4.7766e-02  1.0778e+01
9.9300e+03  0.00561955408134  4.7630e-02  1.0800e+01
9.9500e+03  0.00560353397563  4.7494e-02  1.0822e+01
9.9700e+03  0.00558758662436  4.7359e-02  1.0843e+01
9.9900e+03  0.00557171157231  4.7225e-02  1.0865e+01
1.0010e+04  0.00555590836793  4.7091e-02  1.0887e+01
1.0030e+04  0.00554017656325  4.6958e-02  1.0909e+01
1.0050e+04  0.00552451571386  4.6826e-02  1.0930e+01
1.0070e+04  0.0055089253789  4.6694e-02  1.0952e+01
1.0090e+04  0.00549340512099  4.6563e-02  1.0974e+01
1.0110e+04  0.00547795450621  4.6432e-02  1.0996e+01
1.0130e+04  0.00546257310407  4.6302e-02  1.1017e+01
1.0150e+04  0.00544726048748  4.6172e-02  1.1039e+01
1.0170e+04  0.00543201623273  4.6044e-02  1.1061e+01
1.0190e+04  0.0054168399194  4.5915e-02  1.1083e+01
1.0210e+04  0.00540173113039  4.5787e-02  1.1104e+01
1.0230e+04  0.00538668945189  4.5660e-02  1.1126e+01
1.0250e+04  0.00537171447329  4.5534e-02  1.1148e+01
1.0270e+04  0.0053568057872  4.5407e-02  1.1170e+01
1.0290e+04  0.0053419629894  4.5282e-02  1.1191e+01
1.0310e+04  0.00532718567883  4.5157e-02  1.1213e+01
1.0330e+04  0.00531247345754  4.5032e-02  1.1235e+01
1.0350e+04  0.00529782593065  4.4909e-02  1.1257e+01
1.0370e+04  0.00528324270634  4.4785e-02  1.1278e+01
1.0390e+04  0.00526872339584  4.4662e-02  1.1300e+01
1.0410e+04  0.00525426761335  4.4540e-02  1.1322e+01
1.0430e+04  0.00523987497606  4.4418e-02  1.1344e+01
1.0450e+04  0.0052255451041  4.4297e-02  1.1365e+01
1.0470e+04  0.00521127762051  4.4176e-02  1.1387e+01
1.0490e+04  0.00519707215123  4.4056e-02  1.1409e+01
1.0510e+04  0.00518292832504  4.3937e-02  1.1431e+01
1.0530e+04  0.00516884577358  4.3817e-02  1.1452e+01
1.0550e+04  0.00515482413127  4.3699e-02  1.1474e+01
1.0570e+04  0.00514086303535  4.3581e-02  1.1496e+01
1.0590e+04  0.00512696212578  4.3463e-02  1.1518e+01
1.0610e+04  0.00511312104527  4.3346e-02  1.1539e+01
1.0630e+04  0.00509933943923  4.3229e-02  1.1561e+01
1.0650e+04  0.00508561695577  4.3113e-02  1.1583e+01
1.0670e+04  0.00507195324562  4.2998e-02  1.1605e+01
1.0690e+04  0.00505834796216  4.2883e-02  1.1626e+01
1.0710e+04  0.0050448007614  4.2768e-02  1.1648e+01
1.0730e+04  0.0050313113019  4.2654e-02  1.1670e+01
1.0750e+04  0.00501787924479  4.2540e-02  1.1692e+01
1.0770e+04  0.00500450425375  4.2427e-02  1.1713e+01
1.0790e+04  0.00499118599496  4.2314e-02  1.1735e+01
1.0810e+04  0.00497792413709  4.2202e-02  1.1757e+01
1.0830e+04  0.00496471835129  4.2090e-02  1.1779e+01
1.0850e+04  0.00495156831116  4.1979e-02  1.1800e+01
1.0870e+04  0.00493847369269  4.1868e-02  1.1822e+01
1.0890e+04  0.00492543417431  4.1758e-02  1.1844e+01
1.0910e+04  0.00491244943682  4.1648e-02  1.1866e+01
1.0930e+04  0.00489951916336  4.1539e-02  1.1887e+01
1.0950e+04  0.00488664303943  4.1430e-02  1.1909e+01
1.0970e+04  0.00487382075284  4.1321e-02  1.1931e+01
1.0990e+04  0.00486105199369  4.1213e-02  1.1953e+01
1.1010e+04  0.00484833645437  4.1106e-02  1.1974e+01
1.1030e+04  0.00483567382949  4.0998e-02  1.1996e+01
1.1050e+04  0.00482306381595  4.0892e-02  1.2018e+01
1.1070e+04  0.00481050611282  4.0785e-02  1.2040e+01
1.1090e+04  0.00479800042137  4.0680e-02  1.2061e+01
1.1110e+04  0.00478554644507  4.0574e-02  1.2083e+01
1.1130e+04  0.00477314388953  4.0469e-02  1.2105e+01
1.1150e+04  0.0047607924625  4.0365e-02  1.2127e+01
1.1170e+04  0.00474849187384  4.0261e-02  1.2148e+01
1.1190e+04  0.00473624183552  4.0157e-02  1.2170e+01
1.1210e+04  0.00472404206159  4.0054e-02  1.2192e+01
1.1230e+04  0.00471189226817  3.9951e-02  1.2214e+01
1.1250e+04  0.00469979217341  3.9849e-02  1.2235e+01
1.1270e+04  0.00468774149749  3.9747e-02  1.2257e+01
1.1290e+04  0.0046757399626  3.9645e-02  1.2279e+01
1.1310e+04  0.00466378729294  3.9544e-02  1.2301e+01
1.1330e+04  0.00465188321466  3.9443e-02  1.2322e+01
1.1350e+04  0.00464002745588  3.9343e-02  1.2344e+01
1.1370e+04  0.00462821974666  3.9243e-02  1.2366e+01
1.1390e+04  0.00461645981896  3.9143e-02  1.2388e+01
1.1410e+04  0.00460474740669  3.9044e-02  1.2409e+01
1.1430e+04  0.00459308224562  3.8945e-02  1.2431e+01
1.1450e+04  0.00458146407339  3.8847e-02  1.2453e+01
1.1470e+04  0.00456989262952  3.8749e-02  1.2475e+01
1.1490e+04  0.00455836765535  3.8652e-02  1.2496e+01
1.1510e+04  0.00454688889407  3.8554e-02  1.2518e+01
1.1530e+04  0.00453545609064  3.8458e-02  1.2540e+01
1.1550e+04  0.00452406899187  3.8361e-02  1.2562e+01
1.1570e+04  0.0045127273463  3.8265e-02  1.2583e+01
1.1590e+04  0.00450143090425  3.8170e-02  1.2605e+01
1.1610e+04  0.00449017941781  3.8074e-02  1.2627e+01
1.1630e+04  0.00447897264077  3.7979e-02  1.2649e+01
1.1650e+04  0.00446781032866  3.7885e-02  1.2670e+01
1.1670e+04  0.00445669223872  3.7791e-02  1.2692e+01
1.1690e+04  0.00444561812985  3.7697e-02  1.2714e+01
1.1710e+04  0.00443458776266  3.7604e-02  1.2736e+01
1.1730e+04  0.00442360089941  3.7511e-02  1.2757e+01
1.1750e+04  0.004412657304  3.7418e-02  1.2779e+01
1.1770e+04  0.00440175674196  3.7326e-02  1.2801e+01
1.1790e+04  0.00439089898047  3.7234e-02  1.2823e+01
1.1810e+04  0.00438008378828  3.7142e-02  1.2844e+01
1.1830e+04  0.00436931093575  3.7051e-02  1.2866e+01
1.1850e+04  0.00435858019482  3.6960e-02  1.2888e+01
1.1870e+04  0.004347891339  3.6870e-02  1.2910e+01
1.1890e+04  0.00433724414334  3.6780e-02  1.2932e+01
1.1910e+04  0.00432663838444  3.6690e-02  1.2953e+01
1.1930e+04  0.00431607384044  3.6600e-02  1.2975e+01
1.1950e+04  0.00430555029095  3.6511e-02  1.2997e+01
1.1970e+04  0.00429506751714  3.6423e-02  1.3019e+01
1.1990e+04  0.00428462530163  3.6334e-02  1.3040e+01
1.2010e+04  0.00427422342854  3.6246e-02  1.3062e+01
1.2030e+04  0.00426386168343  3.6158e-02  1.3084e+01
1.2050e+04  0.00425353985333  3.6071e-02  1.3106e+01
1.2070e+04  0.00424325772672  3.5984e-02  1.3127e+01
1.2090e+04  0.0042330150935  3.5897e-02  1.3149e+01
1.2110e+04  0.00422281174497  3.5811e-02  1.3171e+01
1.2130e+04  0.00421264747386  3.5725e-02  1.3193e+01
1.2150e+04  0.00420252207429  3.5639e-02  1.3214e+01
1.2170e+04  0.00419243534175  3.5554e-02  1.3236e+01
1.2190e+04  0.00418238707312  3.5468e-02  1.3258e+01
1.2210e+04  0.00417237706663  3.5384e-02  1.3280e+01
1.2230e+04  0.00416240512185  3.5299e-02  1.3301e+01
1.2250e+04  0.00415247103971  3.5215e-02  1.3323e+01
1.2270e+04  0.00414257462246  3.5131e-02  1.3345e+01
1.2290e+04  0.00413271567365  3.5048e-02  1.3367e+01
1.2310e+04  0.00412289399816  3.4965e-02  1.3388e+01
1.2330e+04  0.00411310940214  3.4882e-02  1.3410e+01
1.2350e+04  0.00410336169306  3.4799e-02  1.3432e+01
1.2370e+04  0.00409365067963  3.4717e-02  1.3454e+01
1.2390e+04  0.00408397617185  3.4635e-02  1.3475e+01
1.2410e+04  0.00407433798095  3.4554e-02  1.3497e+01
1.2430e+04  0.00406473591942  3.4472e-02  1.3519e+01
1.2450e+04  0.004055169801  3.4391e-02  1.3541e+01
1.2470e+04  0.00404563944061  3.4311e-02  1.3562e+01
1.2490e+04  0.00403614465443  3.4230e-02  1.3584e+01
1.2510e+04  0.00402668525981  3.4150e-02  1.3606e+01
1.2530e+04  0.00401726107532  3.4070e-02  1.3628e+01
1.2550e+04  0.00400787192071  3.3991e-02  1.3649e+01
1.2570e+04  0.00399851761689  3.3911e-02  1.3671e+01
1.2590e+04  0.00398919798596  3.3833e-02  1.3693e+01
1.2610e+04  0.00397991285116  3.3754e-02  1.3715e+01
1.2630e+04  0.00397066203689  3.3676e-02  1.3736e+01
1.2650e+04  0.00396144536869  3.3598e-02  1.3758e+01
1.2670e+04  0.00395226267322  3.3520e-02  1.3780e+01
1.2690e+04  0.00394311377827  3.3442e-02  1.3802e+01
1.2710e+04  0.00393399851274  3.3365e-02  1.3823e+01
1.2730e+04  0.00392491670663  3.3288e-02  1.3845e+01
1.2750e+04  0.00391586819104  3.3212e-02  1.3867e+01
1.2770e+04  0.00390685279816  3.3135e-02  1.3889e+01
1.2790e+04  0.00389787036125  3.3059e-02  1.3910e+01
1.2810e+04  0.00388892071465  3.2983e-02  1.3932e+01
1.2830e+04  0.00388000369376  3.2908e-02  1.3954e+01
1.2850e+04  0.00387111913501  3.2833e-02  1.3976e+01
1.2870e+04  0.00386226687592  3.2758e-02  1.3997e+01
1.2890e+04  0.003853446755  3.2683e-02  1.4019e+01
1.2910e+04  0.00384465861182  3.2608e-02  1.4041e+01
1.2930e+04  0.00383590228695  3.2534e-02  1.4063e+01
1.2950e+04  0.003827177622  3.2460e-02  1.4084e+01
1.2970e+04  0.00381848445955  3.2387e-02  1.4106e+01
1.2990e+04  0.00380982264322  3.2313e-02  1.4128e+01
1.3010e+04  0.00380119201757  3.2240e-02  1.4150e+01
1.3030e+04  0.00379259242819  3.2167e-02  1.4171e+01
1.3050e+04  0.0037840237216  3.2095e-02  1.4193e+01
1.3070e+04  0.00377548574533  3.2023e-02  1.4215e+01
1.3090e+04  0.00376697834784  3.1950e-02  1.4237e+01
1.3110e+04  0.00375850137856  3.1879e-02  1.4258e+01
1.3130e+04  0.00375005468784  3.1807e-02  1.4280e+01
1.3150e+04  0.00374163812699  3.1736e-02  1.4302e+01
1.3170e+04  0.00373325154825  3.1665e-02  1.4324e+01
1.3190e+04  0.00372489480478  3.1594e-02  1.4345e+01
1.3210e+04  0.00371656775066  3.1523e-02  1.4367e+01
1.3230e+04  0.00370827024085  3.1453e-02  1.4389e+01
1.3250e+04  0.00370000213126  3.1383e-02  1.4411e+01
1.3270e+04  0.00369176327867  3.1313e-02  1.4432e+01
1.3290e+04  0.00368355354075  3.1244e-02  1.4454e+01
1.3310e+04  0.00367537277605  3.1175e-02  1.4476e+01
1.3330e+04  0.00366722084401  3.1105e-02  1.4498e+01
1.3350e+04  0.00365909760492  3.1037e-02  1.4519e+01
1.3370e+04  0.00365100291994  3.0968e-02  1.4541e+01
1.3390e+04  0.0036429366511  3.0900e-02  1.4563e+01
1.3410e+04  0.00363489866126  3.0832e-02  1.4585e+01
1.3430e+04  0.00362688881414  3.0764e-02  1.4606e+01
1.3450e+04  0.00361890697428  3.0696e-02  1.4628e+01
1.3470e+04  0.00361095300706  3.0629e-02  1.4650e+01
1.3490e+04  0.00360302677868  3.0562e-02  1.4672e+01
1.3510e+04  0.00359512815618  3.0495e-02  1.4693e+01
1.3530e+04  0.00358725700737  3.0428e-02  1.4715e+01
1.3550e+04  0.00357941320091  3.0362e-02  1.4737e+01
1.3570e+04  0.00357159660623  3.0295e-02  1.4759e+01
1.3590e+04  0.00356380709357  3.0229e-02  1.4780e+01
1.3610e+04  0.00355604453395  3.0164e-02  1.4802e+01
1.3630e+04  0.00354830879918  3.0098e-02  1.4824e+01
1.3650e+04  0.00354059976185  3.0033e-02  1.4846e+01
1.3670e+04  0.00353291729531  2.9968e-02  1.4867e+01
1.3690e+04  0.00352526127368  2.9903e-02  1.4889e+01
1.3710e+04  0.00351763157184  2.9838e-02  1.4911e+01
1.3730e+04  0.00351002806542  2.9774e-02  1.4933e+01
1.3750e+04  0.00350245063081  2.9710e-02  1.4954e+01
1.3770e+04  0.00349489914514  2.9646e-02  1.4976e+01
1.3790e+04  0.00348737348627  2.9582e-02  1.4998e+01
1.3810e+04  0.00347987353279  2.9518e-02  1.5020e+01
1.3830e+04  0.00347239916404  2.9455e-02  1.5041e+01
1.3850e+04  0.00346495026005  2.9392e-02  1.5063e+01
1.3870e+04  0.0034575267016  2.9329e-02  1.5085e+01
1.3890e+04  0.00345012837015  2.9266e-02  1.5107e+01
1.3910e+04  0.00344275514788  2.9204e-02  1.5128e+01
1.3930e+04  0.00343540691768  2.9142e-02  1.5150e+01
1.3950e+04  0.00342808356313  2.9080e-02  1.5172e+01
1.3970e+04  0.00342078496849  2.9018e-02  1.5194e+01
1.3990e+04  0.00341351101872  2.8956e-02  1.5215e+01
